-3.984       2.73118868
-3.953       0.95713505
-3.922       0.60558374
-3.891       0.45752321
-3.859       0.37754506
-3.828       0.32875616
-3.797       0.29700387
-3.766       0.27572248
-3.734       0.26147784
-3.703       0.25232781
-3.672       0.24712176
-3.641       0.24516835
-3.609       0.24606617
-3.578       0.24961403
-3.547       0.25576411
-3.516       0.26460084
-3.484       0.27633795
-3.453       0.29133101
-3.422       0.31010692
-3.391       0.33341540
-3.359       0.36231282
-3.328       0.39829834
-3.297       0.44353903
-3.266       0.50125671
-3.234       0.57642630
-3.203       0.67712071
-3.172       0.81732479
-3.141       1.02350298
-3.109       1.35242777
-3.078       1.95179951
-3.047       3.36334946
-3.016      10.46319455
-2.984     -10.88207989
-2.953      -3.78367448
-2.922      -2.37502373
-2.891      -1.78005122
-2.859      -1.45708796
-2.828      -1.25851968
-2.797      -1.12768658
-2.766      -1.03826746
-2.734      -0.97645632
-2.703      -0.93440142
-2.672      -0.90740021
-2.641      -0.89256603
-2.609      -0.88814508
-2.578      -0.89315020
-2.547      -0.90716332
-2.516      -0.93023734
-2.484      -0.96286505
-2.453      -1.00600238
-2.422      -1.06114712
-2.391      -1.13048657
-2.359      -1.21714463
-2.328      -1.32558665
-2.297      -1.46229273
-2.266      -1.63691644
-2.234      -1.86437880
-2.203      -2.16890226
-2.172      -2.59245208
-2.141      -3.21443903
-2.109      -4.20520509
-2.078      -6.00788285
-2.047     -10.24770540
-2.016     -31.55307106
-1.984      32.47620717
-1.953      11.17366369
-1.922       6.93952246
-1.891       5.14546057
-1.859       4.16636088
-1.828       3.55925096
-1.797       3.15399840
-1.766       2.87145846
-1.734       2.66999776
-1.703       2.52580384
-1.672       2.42445993
-1.641       2.35693216
-1.609       2.31750357
-1.578       2.30265286
-1.547       2.31043157
-1.516       2.34012831
-1.484       2.39211786
-1.453       2.46784959
-1.422       2.56996568
-1.391       2.70256947
-1.359       2.87170062
-1.328       3.08613141
-1.297       3.35870360
-1.266       3.70863882
-1.234       4.16572139
-1.203       4.77836280
-1.172       5.63048186
-1.141       6.88090855
-1.109       8.87035449
-1.078      12.48513156
-1.047      20.97577198
-1.016      63.59915886
-0.984     -64.44497360
-0.953     -21.82356189
-0.922     -13.33689473
-0.891      -9.72813639
-0.859      -7.74682727
-0.828      -6.50675565
-0.797      -5.66734087
-0.766      -5.06991884
-0.734      -4.63077737
-0.703      -4.30175966
-0.672      -4.05339395
-0.641      -3.86684183
-0.609      -3.72973231
-0.578      -3.63387405
-0.547      -3.57394883
-0.516      -3.54675697
-0.484      -3.55079995
-0.453      -3.58609393
-0.422      -3.65416995
-0.391      -3.75826067
-0.359      -3.90371803
-0.328      -4.09876828
-0.297      -4.35581874
-0.266      -4.69374601
-0.234      -5.14206234
-0.203      -5.74896775
-0.172      -6.59822093
-0.141      -7.84853632
-0.109      -9.84054951
-0.078     -13.46053246
-0.047     -21.95901130
-0.016     -64.59289572
 0.016      63.43801978
 0.047      20.80058206
 0.078      12.29494962
 0.109       8.66412132
 0.141       6.65742957
 0.172       5.38840693
 0.203       4.51616218
 0.234       3.88165655
 0.266       3.40072707
 0.297       3.02467471
 0.328       2.72337401
 0.359       2.47719550
 0.391       2.27280559
 0.422       2.10083340
 0.453       1.95450324
 0.484       1.82879653
 0.516       1.71991870
 0.547       1.62494878
 0.578       1.54160292
 0.609       1.46807055
 0.641       1.40289864
 0.672       1.34490832
 0.703       1.29313367
 0.734       1.24677626
 0.766       1.20517084
 0.797       1.16775905
 0.828       1.13406920
 0.859       1.10370040
 0.891       1.07631008
 0.922       1.05160408
 0.953       1.02932864
 0.984       1.00926398
 1.016       0.99121906
 1.047       0.97502728
 1.078       0.96054294
 1.109       0.94763827
 1.141       0.93620103
 1.172       0.92613244
 1.203       0.91734544
 1.234       0.90976325
 1.266       0.90331813
 1.297       0.89795030
 1.328       0.89360710
 1.359       0.89024213
 1.391       0.88781468
 1.422       0.88628909
 1.453       0.88563428
 1.484       0.88582332
 1.516       0.88683308
 1.547       0.88864387
 1.578       0.89123919
 1.609       0.89460549
 1.641       0.89873194
 1.672       0.90361028
 1.703       0.90923461
 1.734       0.91560132
 1.766       0.92270892
 1.797       0.93055800
 1.828       0.93915106
 1.859       0.94849253
 1.891       0.95858867
 1.922       0.96944751
 1.953       0.98107886
 1.984       0.99349423
 2.016       1.00670686
 2.047       1.02073169
 2.078       1.03558536
 2.109       1.05128621
 2.141       1.06785430
 2.172       1.08531146
 2.203       1.10368124
 2.234       1.12298902
 2.266       1.14326201
 2.297       1.16452930
 2.328       1.18682193
 2.359       1.21017290
 2.391       1.23461730
 2.422       1.26019230
 2.453       1.28693731
 2.484       1.31489399
 2.516       1.34410638
 2.547       1.37462098
 2.578       1.40648685
 2.609       1.43975571
 2.641       1.47448210
 2.672       1.51072343
 2.703       1.54854019
 2.734       1.58799603
 2.766       1.62915794
 2.797       1.67209640
 2.828       1.71688553
 2.859       1.76360330
 2.891       1.81233170
 2.922       1.86315694
 2.953       1.91616964
 2.984       1.97146511
 3.016       2.02914351
 3.047       2.08931017
 3.078       2.15207582
 3.109       2.21755684
 3.141       2.28587562
 3.172       2.35716082
 3.203       2.43154772
 3.234       2.50917858
 3.266       2.59020298
 3.297       2.67477824
 3.328       2.76306980
 3.359       2.85525169
 3.391       2.95150697
 3.422       3.05202823
 3.453       3.15701809
 3.484       3.26668976
 3.516       3.38126762
 3.547       3.50098781
 3.578       3.62609890
 3.609       3.75686256
 3.641       3.89355428
 3.672       4.03646417
 3.703       4.18589771
 3.734       4.34217666
 3.766       4.50563994
 3.797       4.67664462
 3.828       4.85556689
 3.859       5.04280319
 3.891       5.23877133
 3.922       5.44391167
 3.953       5.65868848
 3.984       5.88359119
