0	1
0.216661562316537	0.976620555710087
0.433323124633075	0.907575419670957
0.649984686949612	0.796093065705644
0.86664624926615	0.647386284781828
1.08330781158269	0.46840844069979
1.29996937389922	0.267528338529221
1.51663093621576	0.0541389085854176
1.7332924985323	-0.161781996552765
1.94995406084884	-0.370138155339914
2.16661562316537	-0.561187065362382
2.38327718548191	-0.725995491923131
2.59993874779845	-0.856857176167589
2.81660031011499	-0.947653171182802
3.03326187243152	-0.99413795715436
3.24992343474806	-0.99413795715436
3.4665849970646	-0.947653171182802
3.68324655938114	-0.856857176167589
3.89990812169767	-0.725995491923131
4.11656968401421	-0.561187065362383
4.33323124633075	-0.370138155339914
4.54989280864729	-0.161781996552765
4.76655437096382	0.0541389085854167
4.98321593328036	0.26752833852922
5.1998774955969	0.46840844069979
5.41653905791344	0.647386284781828
5.63320062022997	0.796093065705644
5.84986218254651	0.907575419670957
6.06652374486305	0.976620555710087
6.28318530717959	1


0	1.02947136796095
0.0315737955134653	1.02642372564962
0.0631475910269305	1.02258811790452
0.0947213865403958	1.01795511410952
0.126295182053861	1.01251626584451
0.157868977567326	1.00626413865855
0.189442773080792	0.999192342205856
0.221016568594257	0.991295558643034
0.252590364107722	0.982569569189564
0.284164159621187	0.973011278756971
0.315737955134653	0.962618738556547
0.347311750648118	0.951391166599814
0.378885546161583	0.939328966010826
0.410459341675048	0.926433741074561
0.442033137188514	0.912708310951185
0.473606932701979	0.898156720991741
0.505180728215444	0.882784251596956
0.536754523728909	0.866597424567202
0.568328319242375	0.849604006898325
0.59990211475584	0.831813011984855
0.631475910269305	0.813234698199257
0.66304970578277	0.793880564823108
0.694623501296236	0.773763345313544
0.726197296809701	0.75289699789589
0.757771092323166	0.731296693481083
0.789344887836631	0.708978800914289
0.820918683350097	0.685960869568957
0.852492478863562	0.662261609308446
0.884066274377027	0.637900867845242
0.915640069890493	0.612899605535668
0.947213865403958	0.587279867655807
0.978787660917423	0.561064754212093
1.01036145643089	0.534278387347691
1.04193525194435	0.506945876413255
1.07350904745782	0.479093280778023
1.10508284297128	0.450747570464349
1.13665663848475	0.421936584695682
1.16823043399821	0.392688988454723
1.19980422951168	0.36303422715487
1.23137802502514	0.333002479534188
1.26295182053861	0.302624608886942
1.29452561605208	0.271932112753159
1.32609941156554	0.240957071191778
1.35767320707901	0.209732093767638
1.38924700259247	0.178290265386811
1.42082079810594	0.146665091118687
1.4523945936194	0.114890440146565
1.48396838913287	0.0830004889915161
1.51554218464633	0.0510296641567143
1.5471159801598	0.0190125843414378
1.57868977567326	-0.013015997624552
1.61026357118673	-0.0450212529745768
1.64183736670019	-0.0769683351743861
1.67341116221366	-0.108822437915149
1.70498495772712	-0.14054885277853
1.73655875324059	-0.172113026423348
1.76813254875405	-0.203480617144928
1.79970634426752	-0.234617550660355
1.83128013978099	-0.26549007497548
1.86285393529445	-0.29606481419264
1.89442773080792	-0.326308821121696
1.92600152632138	-0.356189628561092
1.95757532183485	-0.385675299120248
1.98914911734831	-0.414734473459618
2.02072291286178	-0.443336416830256
2.05229670837524	-0.471451063800652
2.08387050388871	-0.499049061064912
2.11544429940217	-0.526101808233088
2.14701809491564	-0.552581496511529
2.1785918904291	-0.578461145188549
2.21016568594257	-0.603714635848445
2.24173948145603	-0.62831674424492
2.2733132769695	-0.652243169773268
2.30488707248296	-0.67547056248916
2.33646086799643	-0.697976547630666
2.36803466350989	-0.719739747608956
2.39960845902336	-0.740739801442255
2.43118225453682	-0.760957381616704
2.46275605005029	-0.780374208367045
2.49432984556376	-0.798973061379307
2.52590364107722	-0.816737788926948
2.55747743659069	-0.833653314461162
2.58905123210415	-0.849705640685251
2.62062502761762	-0.864881851152079
2.65219882313108	-0.879170109432562
2.68377261864455	-0.892559655912004
2.71534641415801	-0.905040802279657
2.74692020967148	-0.916604923785289
2.77849400518494	-0.927244449344651
2.81006780069841	-0.936952849583557
2.84164159621187	-0.945724622917754
2.87321539172534	-0.953555279772928
2.9047891872388	-0.960441325055878
2.93636298275227	-0.966380238994212
2.96793677826573	-0.971370456467805
2.9995105737792	-0.975411344960572
3.03108436929266	-0.978503181266043
3.06265816480613	-0.980647127084524
3.0942319603196	-0.981845203653422
3.12580575583306	-0.982100265555509
3.15737955134653	-0.981415973852537
3.18895334685999	-0.979796768693549
3.22052714237346	-0.977247841548648
3.25210093788692	-0.973775107219651
3.28367473340039	-0.969385175779124
3.31524852891385	-0.964085324588652
3.34682232442732	-0.957883470545913
3.37839611994078	-0.950788142708114
3.40996991545425	-0.942808455436673
3.44154371096771	-0.933954082204667
3.47311750648118	-0.924235230204487
3.50469130199464	-0.913662615888414
3.53626509750811	-0.902247441569381
3.56783889302157	-0.890001373203135
3.59941268853504	-0.876936519466209
3.6309864840485	-0.863065412236783
3.66256027956197	-0.848400988577464
3.69413407507544	-0.832956574310436
3.7257078705889	-0.816745869266232
3.75728166610237	-0.799782934277658
3.78885546161583	-0.782082179980164
3.8204292571293	-0.763658357469219
3.85200305264276	-0.744526550854096
3.88357684815623	-0.724702171735872
3.91515064366969	-0.704200955625551
3.94672443918316	-0.683038960305932
3.97829823469662	-0.661232566128355
4.00987203021009	-0.638798478222704
4.04144582572355	-0.615753730586173
4.07301962123702	-0.592115692003292
4.10459341675048	-0.567902073736657
4.13616721226395	-0.543130938914804
4.16774100777741	-0.517820713530687
4.19931480329088	-0.491990198951434
4.23088859880434	-0.465658585827435
4.26246239431781	-0.438845469276496
4.29403618983128	-0.411570865206817
4.32560998534474	-0.383855227630962
4.35718378085821	-0.35571946681192
4.38875757637167	-0.327184968071791
4.42033137188514	-0.298273611083722
4.4519051673986	-0.269007789458485
4.48347896291207	-0.239410430428582
4.51505275842553	-0.209505014425128
4.546626553939	-0.179315594335935
4.57820034945246	-0.148866814227418
4.60977414496593	-0.118183927308083
4.64134794047939	-0.087292812907543
4.67292173599286	-0.0562199922423955
4.70449553150632	-0.0249926427386745
4.73606932701979	0.00636138931965957
4.76764312253325	0.0378135780458576
4.79921691804672	0.0693347093366573
4.83079071356018	0.100894874613692
4.86236450907365	0.132463467139287
4.89393830458712	0.16400918111976
4.92551210010058	0.195500013801861
4.95708589561405	0.226903270759261
4.98865969112751	0.258185574555751
5.02023348664098	0.28931287696047
5.05180728215444	0.320250474877634
5.08338107766791	0.350963030139243
5.11495487318137	0.381414593293965
5.14652866869484	0.411568631508919
5.1781024642083	0.4413880606835
5.20967625972177	0.470835281855657
5.24125005523523	0.499872221961404
5.2728238507487	0.528460378987621
5.30439764626216	0.556560871536828
5.33597144177563	0.584134492800235
5.36754523728909	0.61114176891257
5.39911903280256	0.637543021638647
5.43069282831602	0.663298435317731
5.46226662382949	0.688368127967481
5.49384041934295	0.712712226424819
5.52541421485642	0.736290945376446
5.55698801036989	0.759064670107292
5.58856180588335	0.780994042770759
5.62013560139682	0.802040051960667
5.65170939691028	0.822164125341164
5.68328319242375	0.841328225067936
5.71485698793721	0.859494945711732
5.74643078345068	0.876627614373871
5.77800457896414	0.892690392662981
5.80957837447761	0.907648380182976
5.84115216999107	0.921467719164303
5.87272596550454	0.934115699853901
5.904299761018	0.945560866264252
5.93587355653147	0.955773121868518
5.96744735204493	0.96472383481702
5.9990211475584	0.972385942240572
6.03059494307186	0.978734053198254
6.06216873858533	0.983744549821403
6.09374253409879	0.987395686201842
6.12531632961226	0.989667684570836
6.15689012512572	0.990542828315907
6.18846392063919	0.990005551385584
6.22003771615266	0.988042523637405
6.25161151166612	0.984642731692031
6.28318530717959	0.979797554866204
