0.000100000000000 	 0.000099990000000
0.020100000000000 	 0.019698995550074
0.040100000000000 	 0.038515976136343
0.060100000000000 	 0.056568322295182
0.080100000000000 	 0.073873358279988
0.100100000000000 	 0.090447908097536
0.120100000000000 	 0.106308591061938
0.140100000000000 	 0.121471969742901
0.160100000000000 	 0.135953911165608
0.180100000000000 	 0.149769813236092
0.200100000000000 	 0.162935065072887
0.220100000000000 	 0.175465055794531
0.240100000000000 	 0.187375174519557
0.260100000000000 	 0.198680804177941
0.280100000000000 	 0.209396578883763
0.300100000000000 	 0.219535678439244
0.320100000000000 	 0.229111115555456
0.340100000000000 	 0.238135902943470
0.360100000000000 	 0.246623053314358
0.380100000000000 	 0.254585579379190
0.400100000000000 	 0.262036493849039
0.420100000000000 	 0.268988809434976
0.440100000000000 	 0.275455538848072
0.460100000000000 	 0.281449694799399
0.480100000000000 	 0.286984290000028
0.500100000000000 	 0.292072337161030
0.520100000000000 	 0.296726793458905
0.540100000000000 	 0.300958980276101
0.560100000000000 	 0.304778355120755
0.580100000000000 	 0.308194274106607
0.600100000000000 	 0.311216093347400
0.620100000000000 	 0.313853168956873
0.640100000000000 	 0.316114857048767
0.660100000000000 	 0.318010513736823
0.680100000000000 	 0.319549495134781
0.700100000000000 	 0.320741157356383
0.720100000000000 	 0.321594856515370
0.740100000000000 	 0.322119948725481
0.760100000000000 	 0.322325790100457
0.780100000000000 	 0.322221736754040
0.800100000000000 	 0.321817144799970
0.820100000000000 	 0.321121370351988
0.840100000000000 	 0.320143769523834
0.860100000000000 	 0.318893698429250
0.880100000000000 	 0.317380513181976
0.900100000000000 	 0.315613569895752
0.920100000000000 	 0.313602224684321
0.940100000000000 	 0.311355833661421
0.960100000000001 	 0.308883752429608
0.980100000000001 	 0.306194441870597
1.000100000000000 	 0.303293628521333
1.020100000000000 	 0.300186518392781
1.040100000000000 	 0.296878317495903
1.060100000000000 	 0.293374231841666
1.080100000000000 	 0.289679467441033
1.100100000000000 	 0.285799230304969
1.120100000000000 	 0.281738726444438
1.140100000000000 	 0.277503161870404
1.160100000000000 	 0.273097742593833
1.180100000000000 	 0.268527674625687
1.200100000000000 	 0.263798163976932
1.220100000000000 	 0.258914416658533
1.240100000000000 	 0.253881638681452
1.260100000000000 	 0.248705036056656
1.280100000000000 	 0.243389814795107
1.300100000000000 	 0.237941180907772
1.320100000000000 	 0.232364340405613
1.340100000000000 	 0.226664499299596
1.360100000000000 	 0.220846863600684
1.380100000000000 	 0.214916639319842
1.400100000000000 	 0.208879032468035
1.420100000000000 	 0.202739249056227
1.440100000000000 	 0.196502495095382
1.460100000000000 	 0.190173976596465
1.480100000000000 	 0.183758899570440
1.500100000000000 	 0.177262470028272
1.520100000000000 	 0.170689893980924
1.540100000000000 	 0.164046377439361
1.560100000000000 	 0.157337126414549
1.580100000000000 	 0.150567346917450
1.600100000000000 	 0.143742240824116
1.620100000000000 	 0.136866237388061
1.640100000000000 	 0.129942090503438
1.660100000000000 	 0.122972334702943
1.680100000000000 	 0.115959504519273
1.700100000000000 	 0.108906134485124
1.720100000000000 	 0.101814759133192
1.740100000000000 	 0.094687912996174
1.760100000000000 	 0.087528130606767
1.780100000000000 	 0.080337946497666
1.800100000000000 	 0.073119895201568
1.820100000000000 	 0.065876511251170
1.840100000000000 	 0.058610329179167
1.860100000000000 	 0.051323883518257
1.880100000000000 	 0.044019708801135
1.900100000000000 	 0.036700339560498
1.920100000000000 	 0.029368310329043
1.940100000000000 	 0.022026155639466
1.960100000000000 	 0.014676410024463
1.980100000000000 	 0.007321608016731
2.000000000000000 	 0.000001072848839


0.000100000000000 	 0.000099990000000
0.020100000000000 	 0.019699952504094
0.040100000000000 	 0.038523472995455
0.060100000000000 	 0.056593222435202
0.080100000000000 	 0.073931579339071
0.100100000000000 	 0.090559990138155
0.120100000000000 	 0.106499531662716
0.140100000000000 	 0.121771177273542
0.160100000000000 	 0.136394631953588
0.180100000000000 	 0.150388745211707
0.200100000000000 	 0.163772350532085
0.220100000000000 	 0.176564281398912
0.240100000000000 	 0.188783371296374
0.260100000000000 	 0.200448442781647
0.280100000000000 	 0.211576996243441
0.300100000000000 	 0.222183964222619
0.320100000000000 	 0.232283984230714
0.340100000000000 	 0.241891693779261
0.360100000000000 	 0.251021730379796
0.380100000000000 	 0.259688731543853
0.400100000000000 	 0.267907334782967
0.420100000000000 	 0.275692177608673
0.440100000000000 	 0.283057897532506
0.460100000000000 	 0.290019132066000
0.480100000000000 	 0.296590518720690
0.500100000000000 	 0.302786695008112
0.520100000000000 	 0.308622213573051
0.540100000000000 	 0.314109127274709
0.560100000000000 	 0.319256640639318
0.580100000000000 	 0.324073803244354
0.600100000000000 	 0.328569664667292
0.620100000000000 	 0.332753274485609
0.640100000000000 	 0.336633682276781
0.660100000000000 	 0.340219937618285
0.680100000000000 	 0.343521090087595
0.700100000000000 	 0.346546189262189
0.720100000000000 	 0.349304284719542
0.740100000000000 	 0.351804426037131
0.760100000000000 	 0.354055662792431
0.780100000000000 	 0.356067044562919
0.800100000000000 	 0.357847620926071
0.820100000000000 	 0.359406441459363
0.840100000000000 	 0.360752555740271
0.860100000000000 	 0.361895013346271
0.880100000000000 	 0.362842863854840
0.900100000000000 	 0.363605156843453
0.920100000000000 	 0.364190941889587
0.940100000000000 	 0.364609268570717
0.960100000000001 	 0.364868458944733
0.980100000000001 	 0.364973529227100
1.000100000000000 	 0.364928557135409
1.020100000000000 	 0.364737620323821
1.040100000000000 	 0.364404796446499
1.060100000000000 	 0.363934163157604
1.080100000000000 	 0.363329798111298
1.100100000000000 	 0.362595778961743
1.120100000000000 	 0.361736183363099
1.140100000000000 	 0.360755088969530
1.160100000000000 	 0.359656573435196
1.180100000000000 	 0.358444714414260
1.200100000000000 	 0.357123589560882
1.220100000000000 	 0.355697276529225
1.240100000000000 	 0.354169852973450
1.260100000000000 	 0.352545396547719
1.280100000000000 	 0.350827984906194
1.300100000000000 	 0.349021695703036
1.320100000000000 	 0.347130606592407
1.340100000000000 	 0.345158795228469
1.360100000000000 	 0.343110339265383
1.380100000000000 	 0.340989316357311
1.400100000000000 	 0.338799804158414
1.420100000000000 	 0.336545880322855
1.440100000000000 	 0.334231622504795
1.460100000000000 	 0.331861108358396
1.480100000000000 	 0.329438415537819
1.500100000000000 	 0.326967621697225
1.520100000000000 	 0.324452804490778
1.540100000000000 	 0.321898041572638
1.560100000000000 	 0.319307410596967
1.580100000000000 	 0.316684989217927
1.600100000000000 	 0.314034809508782
1.620100000000000 	 0.311359482676712
1.640100000000000 	 0.308659954932292
1.660100000000000 	 0.305937077693977
1.680100000000000 	 0.303191702380224
1.700100000000000 	 0.300424680409489
1.720100000000000 	 0.297636863200229
1.740100000000000 	 0.294829102170900
1.760100000000000 	 0.292002248739960
1.780100000000000 	 0.289157154325863
1.800100000000000 	 0.286294670347067
1.820100000000000 	 0.283415648222029
1.840100000000000 	 0.280520939369204
1.860100000000000 	 0.277611395207049
1.880100000000000 	 0.274687867154021
1.900100000000000 	 0.271751206628575
1.920100000000000 	 0.268802265049170
1.940100000000000 	 0.265841893834260
1.960100000000000 	 0.262870944402302
1.980100000000000 	 0.259890268171754
2.000100000000000 	 0.256900716561071
2.020100000000000 	 0.253903140988709
2.040100000000000 	 0.250898392873126
2.060100000000000 	 0.247887323632778
2.080100000000000 	 0.244870784686121
2.100100000000000 	 0.241849627451611
2.120100000000000 	 0.238824703347706
2.140100000000000 	 0.235796863792861
2.160100000000000 	 0.232766960205533
2.180100000000000 	 0.229735844004179
2.200100000000000 	 0.226704366607255
2.220100000000000 	 0.223673379433217
2.240100000000000 	 0.220643733900522
2.260100000000000 	 0.217616281427626
2.280100000000000 	 0.214591873432986
2.300100000000000 	 0.211571361335059
2.320100000000000 	 0.208555596552300
2.340100000000000 	 0.205545430503166
2.360100000000000 	 0.202541714606115
2.380100000000000 	 0.199545300279601
2.400100000000000 	 0.196557038942082
2.420100000000000 	 0.193577782012013
2.440100000000000 	 0.190608380907853
2.460100000000000 	 0.187649687048056
2.480100000000000 	 0.184702551851080
2.500100000000000 	 0.181767826735380
2.520100000000000 	 0.178846363119414
2.540100000000000 	 0.175939012421638
2.560100000000000 	 0.173046626060508
2.580100000000000 	 0.170170055454481
2.600100000000000 	 0.167310152022013
2.620100000000000 	 0.164467767181561
2.640100000000000 	 0.161643752351581
2.660100000000000 	 0.158838802816795
2.680100000000000 	 0.156052861329530
2.700100000000000 	 0.153285644210843
2.720100000000000 	 0.150536867736686
2.740100000000000 	 0.147806248183010
2.760100000000000 	 0.145093501825767
2.780100000000000 	 0.142398344940909
2.800100000000000 	 0.139720493804386
2.820100000000000 	 0.137059664692151
2.840100000000000 	 0.134415573880155
2.860100000000000 	 0.131787937644350
2.880100000000000 	 0.129176472260687
2.900100000000000 	 0.126580894005117
2.920100000000000 	 0.124000919153593
2.940100000000000 	 0.121436263982065
2.960100000000000 	 0.118886644766486
2.980100000000000 	 0.116351777782806
3.000100000000000 	 0.113831379306978
3.020100000000000 	 0.111325165614953
3.040100000000000 	 0.108832852982682
3.060100000000000 	 0.106354157686117
3.080100000000000 	 0.103888796001210
3.100100000000000 	 0.101436484203912
3.120100000000000 	 0.098996938570174
3.140100000000000 	 0.096569875375949
3.160100000000000 	 0.094155010897187
3.180100000000000 	 0.091752061409840
3.200100000000000 	 0.089360743189860
3.220100000000000 	 0.086980772513198
3.240100000000000 	 0.084611865655806
3.260100000000000 	 0.082253738893636
3.280100000000000 	 0.079906108502638
3.300100000000000 	 0.077568690758765
3.320100000000000 	 0.075241201937967
3.340100000000000 	 0.072923358316197
3.360100000000000 	 0.070614876169407
3.380100000000000 	 0.068315471773546
3.400100000000000 	 0.066024861404568
3.420100000000000 	 0.063742761338424
3.440100000000000 	 0.061468887851064
3.460100000000000 	 0.059202957218442
3.480100000000000 	 0.056944685716507
3.500100000000000 	 0.054693789621213
3.520100000000000 	 0.052449985208509
3.540100000000000 	 0.050212988754349
3.560100000000000 	 0.047982516534683
3.580100000000000 	 0.045758284825463
3.600100000000000 	 0.043540009902640
3.620100000000000 	 0.041327408042167
3.640100000000000 	 0.039120195519994
3.660100000000000 	 0.036918088612073
3.680100000000000 	 0.034720803594356
3.700100000000000 	 0.032528056742793
3.720100000000000 	 0.030339564333338
3.740100000000000 	 0.028155042641941
3.760100000000000 	 0.025974207944553
3.780100000000000 	 0.023796776517127
3.800100000000000 	 0.021622464635614
3.820100000000000 	 0.019450988575965
3.840100000000000 	 0.017282064614132
3.860100000000000 	 0.015115409026066
3.880100000000000 	 0.012950738087720
3.900100000000000 	 0.010787768075044
3.920100000000000 	 0.008626215263990
3.940100000000000 	 0.006465795930510
3.960100000000000 	 0.004306226350554
3.980100000000000 	 0.002147222800076
4.000000000000000 	 -0.000000705071651


0.000100000000000 	 0.000099990000000
0.020100000000000 	 0.019699995379225
0.040100000000000 	 0.038523806151320
0.060100000000000 	 0.056594332722211
0.080100000000000 	 0.073934195311784
0.100100000000000 	 0.090565029161390
0.120100000000000 	 0.106508079058168
0.140100000000000 	 0.121784487784730
0.160100000000000 	 0.136414148425592
0.180100000000000 	 0.150416111189965
0.200100000000000 	 0.163809410498392
0.220100000000000 	 0.176613080771420
0.240100000000000 	 0.188846156429595
0.260100000000000 	 0.200527660488835
0.280100000000000 	 0.211675236005419
0.300100000000000 	 0.222303845948717
0.320100000000000 	 0.232428145363222
0.340100000000000 	 0.242062789293422
0.360100000000000 	 0.251222432783811
0.380100000000000 	 0.259921730878880
0.400100000000000 	 0.268175338623119
0.420100000000000 	 0.275997911061021
0.440100000000000 	 0.283404103237075
0.460100000000000 	 0.290408570195775
0.480100000000000 	 0.297025966981611
0.500100000000000 	 0.303270948639074
0.520100000000000 	 0.309158087008938
0.540100000000000 	 0.314699503131669
0.560100000000000 	 0.319904525530100
0.580100000000000 	 0.324782330814651
0.600100000000000 	 0.329342095595743
0.620100000000000 	 0.333592996483798
0.640100000000000 	 0.337544210089237
0.660100000000000 	 0.341204913022480
0.680100000000000 	 0.344584281893949
0.700100000000000 	 0.347691493314065
0.720100000000000 	 0.350535723893248
0.740100000000000 	 0.353126150241920
0.760100000000000 	 0.355471948970501
0.780100000000000 	 0.357582296689414
0.800100000000000 	 0.359466370009078
0.820100000000000 	 0.361133345539915
0.840100000000000 	 0.362592399892346
0.860100000000000 	 0.363852709676792
0.880100000000000 	 0.364923451503674
0.900100000000000 	 0.365813801983413
0.920100000000000 	 0.366532937702538
0.940100000000000 	 0.367089148123077
0.960100000000001 	 0.367487488041141
0.980100000000001 	 0.367732275217054
1.000100000000000 	 0.367827827411138
1.020100000000000 	 0.367778462383718
1.040100000000000 	 0.367588497895117
1.060100000000000 	 0.367262251705659
1.080100000000000 	 0.366804041575667
1.100100000000000 	 0.366218185265464
1.120100000000000 	 0.365509000535374
1.140100000000000 	 0.364680805145721
1.160100000000000 	 0.363737916856828
1.180100000000000 	 0.362684653429018
1.200100000000000 	 0.361525332622616
1.220100000000000 	 0.360264272197944
1.240100000000000 	 0.358905789915327
1.260100000000000 	 0.357454203535087
1.280100000000000 	 0.355913830817548
1.300100000000000 	 0.354288989523035
1.320100000000000 	 0.352583997411869
1.340100000000000 	 0.350803172244375
1.360100000000000 	 0.348950831780876
1.380100000000000 	 0.347031293781696
1.400100000000000 	 0.345048876007159
1.420100000000000 	 0.343007896217587
1.440100000000000 	 0.340912672173305
1.460100000000000 	 0.338767521634635
1.480100000000000 	 0.336576762361902
1.500100000000000 	 0.334344712115428
1.520100000000000 	 0.332075688655538
1.540100000000000 	 0.329773981371859
1.560100000000000 	 0.327442586427418
1.580100000000000 	 0.325082700810381
1.600100000000000 	 0.322695388477549
1.620100000000000 	 0.320281713385725
1.640100000000000 	 0.317842739491709
1.660100000000000 	 0.315379530752303
1.680100000000000 	 0.312893151124308
1.700100000000000 	 0.310384664564526
1.720100000000000 	 0.307855135029759
1.740100000000000 	 0.305305626476806
1.760100000000000 	 0.302737202862471
1.780100000000000 	 0.300150928143553
1.800100000000000 	 0.297547866276856
1.820100000000000 	 0.294929081219179
1.840100000000000 	 0.292295636927325
1.860100000000000 	 0.289648597358095
1.880100000000000 	 0.286989026468290
1.900100000000000 	 0.284317988214711
1.920100000000000 	 0.281636546554161
1.940100000000000 	 0.278945765443440
1.960100000000000 	 0.276246708839350
1.980100000000000 	 0.273540440698692
2.000100000000000 	 0.270828024978268
2.020100000000000 	 0.268110525634878
2.040100000000000 	 0.265389006625325
2.060100000000000 	 0.262664531906410
2.080100000000000 	 0.259938165434934
2.100100000000000 	 0.257210971167699
2.120100000000000 	 0.254484013061505
2.140100000000000 	 0.251758355073155
2.160100000000000 	 0.249035061159450
2.180100000000000 	 0.246315195277191
2.200100000000000 	 0.243599821383179
2.220100000000000 	 0.240890003434216
2.240100000000000 	 0.238186805387104
2.260100000000000 	 0.235491291198643
2.280100000000000 	 0.232804524825636
2.300100000000000 	 0.230127570224883
2.320100000000000 	 0.227461491353185
2.340100000000000 	 0.224807352167346
2.360100000000000 	 0.222166216624165
2.380100000000000 	 0.219539148680443
2.400100000000000 	 0.216927212292984
2.420100000000000 	 0.214331471418587
2.440100000000000 	 0.211752990014055
2.460100000000000 	 0.209192832036188
2.480100000000000 	 0.206652061441788
2.500100000000000 	 0.204131742098034
2.520100000000000 	 0.201632697567924
2.540100000000000 	 0.199154988616974
2.560100000000000 	 0.196698525004260
2.580100000000000 	 0.194263216488859
2.600100000000000 	 0.191848972829848
2.620100000000000 	 0.189455703786304
2.640100000000000 	 0.187083319117303
2.660100000000000 	 0.184731728581922
2.680100000000000 	 0.182400841939238
2.700100000000000 	 0.180090568948329
2.720100000000000 	 0.177800819368271
2.740100000000000 	 0.175531502958140
2.760100000000000 	 0.173282529477014
2.780100000000000 	 0.171053808683970
2.800100000000000 	 0.168845250338083
2.820100000000000 	 0.166656764198433
2.840100000000000 	 0.164488260024094
2.860100000000000 	 0.162339647574144
2.880100000000000 	 0.160210836607660
2.900100000000000 	 0.158101736883718
2.920100000000000 	 0.156012258161396
2.940100000000000 	 0.153942310199770
2.960100000000000 	 0.151891802757918
2.980100000000000 	 0.149860645594915
3.000100000000000 	 0.147848748469840
3.020100000000000 	 0.145856021141768
3.040100000000000 	 0.143882373369777
3.060100000000000 	 0.141927714912943
3.080100000000000 	 0.139991955530344
3.100100000000000 	 0.138075004981056
3.120100000000000 	 0.136176773024155
3.140100000000000 	 0.134297169418720
3.160100000000000 	 0.132436103923827
3.180100000000000 	 0.130593486298552
3.200100000000000 	 0.128769226301972
3.220100000000000 	 0.126963233693165
3.240100000000000 	 0.125175418231207
3.260100000000000 	 0.123405689675175
3.280100000000000 	 0.121653957784146
3.300100000000000 	 0.119920132317197
3.320100000000000 	 0.118204123033404
3.340100000000000 	 0.116505839691845
3.360100000000000 	 0.114825192051596
3.380100000000000 	 0.113162089871734
3.400100000000000 	 0.111516442911336
3.420100000000000 	 0.109888160929479
3.440100000000000 	 0.108277153685240
3.460100000000000 	 0.106683330937695
3.480100000000000 	 0.105106602445921
3.500100000000000 	 0.103546877968996
3.520100000000000 	 0.102004067265997
3.540100000000000 	 0.100478080095999
3.560100000000000 	 0.098968826218080
3.580100000000000 	 0.097476215391316
3.600100000000000 	 0.096000157374786
3.620100000000000 	 0.094540561927564
3.640100000000000 	 0.093097338808729
3.660100000000000 	 0.091670397777357
3.680100000000000 	 0.090259648592525
3.700100000000000 	 0.088865001013310
3.720100000000000 	 0.087486364798788
3.740100000000000 	 0.086123649708037
3.760100000000000 	 0.084776765500134
3.780100000000000 	 0.083445621934155
3.800100000000000 	 0.082130128769176
3.820100000000000 	 0.080830195764276
3.840100000000000 	 0.079545732678531
3.860100000000000 	 0.078276649271017
3.880100000000000 	 0.077022855300812
3.900100000000000 	 0.075784260526992
3.920100000000000 	 0.074560774696394
3.940100000000000 	 0.073352292810384
3.960100000000000 	 0.072158666515652
3.980100000000000 	 0.070979739531033
4.000100000000000 	 0.069815355575359
4.020100000000000 	 0.068665358367465
4.040100000000000 	 0.067529591626185
4.060100000000000 	 0.066407899070350
4.080100000000000 	 0.065300124418797
4.100100000000000 	 0.064206111390357
4.120100000000000 	 0.063125703703865
4.140100000000000 	 0.062058745078155
4.160100000000000 	 0.061005079232059
4.180100000000000 	 0.059964549884412
4.200100000000000 	 0.058937000754048
4.220100000000000 	 0.057922275559799
4.240100000000000 	 0.056920218020500
4.260100000000000 	 0.055930671854984
4.280100000000000 	 0.054953480782085
4.300100000000000 	 0.053988488520637
4.320100000000000 	 0.053035538789472
4.340100000000000 	 0.052094475307426
4.360099999999990 	 0.051165141793331
4.380099999999990 	 0.050247381966021
4.400099999999990 	 0.049341039544329
4.420099999999990 	 0.048445958247091
4.440099999999990 	 0.047561981793138
4.460099999999990 	 0.046688953901304
4.480099999999990 	 0.045826718290425
4.500099999999990 	 0.044975118679332
4.520099999999990 	 0.044133998786859
4.540099999999990 	 0.043303202331841
4.560099999999990 	 0.042482573033111
4.580099999999990 	 0.041671954609502
4.600099999999990 	 0.040871190779849
4.620099999999990 	 0.040080125262984
4.640099999999990 	 0.039298601777742
4.660099999999990 	 0.038526464042956
4.680099999999990 	 0.037763555777460
4.700099999999990 	 0.037009720700087
4.720099999999990 	 0.036264802529671
4.740099999999990 	 0.035528644985046
4.760099999999990 	 0.034801091785045
4.780099999999990 	 0.034081986648502
4.800099999999990 	 0.033371173294251
4.820099999999990 	 0.032668495441125
4.840099999999980 	 0.031973796807958
4.860099999999980 	 0.031286921113584
4.880099999999980 	 0.030607712076835
4.900099999999980 	 0.029936013416547
4.920099999999980 	 0.029271668851552
4.940099999999980 	 0.028614522100684
4.960099999999980 	 0.027964416882777
4.980099999999980 	 0.027321196916665
5.000099999999980 	 0.026684705921180
5.020099999999980 	 0.026054787615157
5.040099999999980 	 0.025431285717430
5.060099999999980 	 0.024814043946831
5.080099999999980 	 0.024202906022196
5.100099999999980 	 0.023597715662356
5.120099999999980 	 0.022998316586146
5.140099999999980 	 0.022404552512400
5.160099999999980 	 0.021816267159952
5.180099999999980 	 0.021233304247634
5.200099999999980 	 0.020655507494280
5.220099999999980 	 0.020082720618725
5.240099999999980 	 0.019514787339802
5.260099999999980 	 0.018951551376344
5.280099999999980 	 0.018392856447185
5.300099999999970 	 0.017838546271159
5.320099999999970 	 0.017288464567099
5.340099999999970 	 0.016742455053840
5.360099999999970 	 0.016200361450213
5.380099999999970 	 0.015662027475055
5.400099999999970 	 0.015127296847197
5.420099999999970 	 0.014596013285474
5.440099999999970 	 0.014068020508719
5.460099999999970 	 0.013543162235766
5.480099999999970 	 0.013021282185448
5.500099999999970 	 0.012502224076600
5.520099999999970 	 0.011985831628055
5.540099999999970 	 0.011471948558646
5.560099999999970 	 0.010960418587207
5.580099999999970 	 0.010451085432572
5.600099999999970 	 0.009943792813574
5.620099999999970 	 0.009438384449047
5.640099999999970 	 0.008934704057825
5.660099999999970 	 0.008432595358742
5.680099999999970 	 0.007931902070630
5.700099999999970 	 0.007432467912324
5.720099999999970 	 0.006934136602657
5.740099999999970 	 0.006436751860464
5.760099999999960 	 0.005940157404576
5.780099999999960 	 0.005444196953829
5.800099999999960 	 0.004948714227056
5.820099999999960 	 0.004453552943091
5.840099999999960 	 0.003958556820766
5.860099999999960 	 0.003463569578916
5.880099999999960 	 0.002968434936375
5.900099999999960 	 0.002472996611976
5.920099999999960 	 0.001977098324552
5.940099999999960 	 0.001480583831944
5.960099999999960 	 0.000983382154260
5.980099999999960 	 0.000485688285720
6.000000000000000 	 -0.000009761162211


0.000100000000000 	 0.000099990000000
0.020100000000000 	 0.019699997394162
0.040100000000000 	 0.038523820084732
0.060100000000000 	 0.056594381468263
0.080100000000000 	 0.073934322565428
0.100100000000000 	 0.090565275683106
0.120100000000000 	 0.106508473167999
0.140100000000000 	 0.121785047613386
0.160100000000000 	 0.136414909995128
0.180100000000000 	 0.150417147353154
0.200100000000000 	 0.163810831293497
0.220100000000000 	 0.176615033422192
0.240100000000000 	 0.188848825345274
0.260100000000000 	 0.200531267065776
0.280100000000000 	 0.211680014623624
0.300100000000000 	 0.222309997353530
0.320100000000000 	 0.232435831309183
0.340100000000000 	 0.242072132544272
0.360100000000000 	 0.251233517112485
0.380100000000000 	 0.259934601067512
0.400100000000000 	 0.268190000463042
0.420100000000000 	 0.276014331352762
0.440100000000000 	 0.283422209790362
0.460100000000000 	 0.290428251829531
0.480100000000000 	 0.297047073523957
0.500100000000000 	 0.303293290927330
0.520100000000000 	 0.309181438767114
0.540100000000000 	 0.314723656272847
0.560100000000000 	 0.319929353169673
0.580100000000000 	 0.324807790698232
0.600100000000000 	 0.329368230099165
0.620100000000000 	 0.333619932613112
0.640100000000000 	 0.337572159480715
0.660100000000000 	 0.341234171942613
0.680100000000000 	 0.344615231239448
0.700100000000000 	 0.347724598611860
0.720100000000000 	 0.350571535300490
0.740100000000000 	 0.353165302545977
0.760100000000000 	 0.355515161588964
0.780100000000000 	 0.357630373670090
0.800100000000000 	 0.359520200029996
0.820100000000000 	 0.361193901909323
0.840100000000000 	 0.362660740548712
0.860100000000000 	 0.363929977188802
0.880100000000000 	 0.365010873070235
0.900100000000000 	 0.365912689433650
0.920100000000000 	 0.366644314787912
0.940100000000000 	 0.367211673085699
0.960100000000001 	 0.367619272762519
0.980100000000001 	 0.367871613490965
1.000100000000000 	 0.367973194943627
1.020100000000000 	 0.367928516793096
1.040100000000000 	 0.367742078711961
1.060100000000000 	 0.367418380372814
1.080100000000000 	 0.366961921448244
1.100100000000000 	 0.366377201610843
1.120100000000000 	 0.365668720533202
1.140100000000000 	 0.364840977887910
1.160100000000000 	 0.363898473347558
1.180100000000000 	 0.362845706584737
1.200100000000000 	 0.361687177272038
1.220100000000000 	 0.360427385082050
1.240100000000000 	 0.359070829687365
1.260100000000000 	 0.357622010760573
1.280100000000000 	 0.356085427974264
1.300100000000000 	 0.354465581001029
1.320100000000000 	 0.352766969513459
1.340100000000000 	 0.350994093184145
1.360100000000000 	 0.349151451685676
1.380100000000000 	 0.347243544690643
1.400100000000000 	 0.345274871871637
1.420100000000000 	 0.343249932901249
1.440100000000000 	 0.341173227452068
1.460100000000000 	 0.339049255196686
1.480100000000000 	 0.336882515807694
1.500100000000000 	 0.334677466428387
1.520100000000000 	 0.332437148741156
1.540100000000000 	 0.330162892563163
1.560100000000000 	 0.327855925228839
1.580100000000000 	 0.325517474072616
1.600100000000000 	 0.323148766428925
1.620100000000000 	 0.320751029632200
1.640100000000000 	 0.318325491016871
1.660100000000000 	 0.315873377917370
1.680100000000000 	 0.313395917668130
1.700100000000000 	 0.310894337603581
1.720100000000000 	 0.308369865058157
1.740100000000000 	 0.305823727366288
1.760100000000000 	 0.303257151862407
1.780100000000000 	 0.300671365880945
1.800100000000000 	 0.298067596756335
1.820100000000000 	 0.295447071823008
1.840100000000000 	 0.292811018415396
1.860100000000000 	 0.290160663867931
1.880100000000000 	 0.287497235515044
1.900100000000000 	 0.284821960691168
1.920100000000000 	 0.282136066730735
1.940100000000000 	 0.279440780968175
1.960100000000000 	 0.276737330737922
1.980100000000000 	 0.274026943374407
2.000100000000000 	 0.271310846212061
2.020100000000000 	 0.268590266585318
2.040100000000000 	 0.265866431828607
2.060100000000000 	 0.263140569276362
2.080100000000000 	 0.260413906263015
2.100100000000000 	 0.257687670122996
2.120100000000000 	 0.254963088190738
2.140100000000000 	 0.252241387800673
2.160100000000000 	 0.249523796287232
2.180100000000000 	 0.246811540984848
2.200100000000000 	 0.244105849227952
2.220100000000000 	 0.241407948350977
2.240100000000000 	 0.238719065688353
2.260100000000000 	 0.236040428574513
2.280100000000000 	 0.233373264343889
2.300100000000000 	 0.230718800330912
2.320100000000000 	 0.228078263870015
2.340100000000000 	 0.225452882295628
2.360100000000000 	 0.222843882942185
2.380100000000000 	 0.220252493144117
2.400100000000000 	 0.217679940235856
2.420100000000000 	 0.215127291827190
2.440100000000000 	 0.212594773759482
2.460100000000000 	 0.210082335569769
2.480100000000000 	 0.207589926632039
2.500100000000000 	 0.205117496320278
2.520100000000000 	 0.202664994008474
2.540100000000000 	 0.200232369070613
2.560100000000000 	 0.197819570880683
2.580100000000000 	 0.195426548812671
2.600100000000000 	 0.193053252240563
2.620100000000000 	 0.190699630538348
2.640100000000000 	 0.188365633080011
2.660100000000000 	 0.186051209239540
2.680100000000000 	 0.183756308390922
2.700100000000000 	 0.181480879908145
2.720100000000000 	 0.179224873165194
2.740100000000000 	 0.176988237536058
2.760100000000000 	 0.174770922394723
2.780100000000000 	 0.172572877115176
2.800100000000000 	 0.170394051071404
2.820100000000000 	 0.168234393637396
2.840100000000000 	 0.166093854187136
2.860100000000000 	 0.163972382094613
2.880100000000000 	 0.161869926733814
2.900100000000000 	 0.159786437478726
2.920100000000000 	 0.157721863703335
2.940100000000000 	 0.155676154781630
2.960100000000000 	 0.153649260087596
2.980100000000000 	 0.151641128995221
3.000100000000000 	 0.149651710878492
3.020100000000000 	 0.147680955111396
3.040100000000000 	 0.145728811067921
3.060100000000000 	 0.143795228122053
3.080100000000000 	 0.141880155647779
3.100100000000000 	 0.139983543019086
3.120100000000000 	 0.138105339609962
3.140100000000000 	 0.136245494794393
3.160100000000000 	 0.134403957946367
3.180100000000000 	 0.132580678439870
3.200100000000000 	 0.130775605648890
3.220100000000000 	 0.128988688947414
3.240100000000000 	 0.127219877709429
3.260100000000000 	 0.125469121308921
3.280100000000000 	 0.123736369119879
3.300100000000000 	 0.122021570516288
3.320100000000000 	 0.120324674872136
3.340100000000000 	 0.118645631561411
3.360100000000000 	 0.116984389958099
3.380100000000000 	 0.115340899436187
3.400100000000000 	 0.113715109369662
3.420100000000000 	 0.112106969132512
3.440100000000000 	 0.110516428098723
3.460100000000000 	 0.108943435642282
3.480100000000000 	 0.107387941137177
3.500100000000000 	 0.105849893957395
3.520100000000000 	 0.104329243476923
3.540100000000000 	 0.102825939069747
3.560100000000000 	 0.101339930109855
3.580100000000000 	 0.099871165971234
3.600100000000000 	 0.098419596027871
3.620100000000000 	 0.096985169653752
3.640100000000000 	 0.095567836222866
3.660100000000000 	 0.094167545109199
3.680100000000000 	 0.092784245686739
3.700100000000000 	 0.091417887329471
3.720100000000000 	 0.090068419411384
3.740100000000000 	 0.088735791306464
3.760100000000000 	 0.087419952388699
3.780100000000000 	 0.086120847643795
3.800100000000000 	 0.084838372935874
3.820100000000000 	 0.083572393313654
3.840100000000000 	 0.082322773350216
3.860100000000000 	 0.081089377618647
3.880100000000000 	 0.079872070692028
3.900100000000000 	 0.078670717143443
3.920100000000000 	 0.077485181545977
3.940100000000000 	 0.076315328472712
3.960100000000000 	 0.075161022496733
3.980100000000000 	 0.074022128191123
4.000100000000000 	 0.072898510128966
4.020100000000000 	 0.071790032883346
4.040100000000000 	 0.070696561027345
4.060100000000000 	 0.069617959134048
4.080100000000000 	 0.068554091776539
4.100100000000000 	 0.067504823527900
4.120100000000000 	 0.066470018961216
4.140100000000000 	 0.065449542649571
4.160100000000000 	 0.064443259166048
4.180100000000000 	 0.063451033083730
4.200100000000000 	 0.062472728975701
4.220100000000000 	 0.061508211415046
4.240100000000000 	 0.060557344974847
4.260100000000000 	 0.059619994228189
4.280100000000000 	 0.058696023748154
4.300100000000000 	 0.057785298107827
4.320100000000000 	 0.056887681880291
4.340100000000000 	 0.056003039638630
4.360099999999990 	 0.055131235955928
4.380099999999990 	 0.054272135405268
4.400099999999990 	 0.053425602559733
4.420099999999990 	 0.052591501992409
4.440099999999990 	 0.051769698276377
4.460099999999990 	 0.050960055984722
4.480099999999990 	 0.050162439690528
4.500099999999990 	 0.049376713966878
4.520099999999990 	 0.048602743386855
4.540099999999990 	 0.047840392523544
4.560099999999990 	 0.047089525950028
4.580099999999990 	 0.046350008239391
4.600099999999990 	 0.045621703964716
4.620099999999990 	 0.044904477699088
4.640099999999990 	 0.044198194015589
4.660099999999990 	 0.043502717487303
4.680099999999990 	 0.042817912687314
4.700099999999990 	 0.042143644188706
4.720099999999990 	 0.041479776564563
4.740099999999990 	 0.040826174387967
4.760099999999990 	 0.040182702232003
4.780099999999990 	 0.039549224669754
4.800099999999990 	 0.038925606274304
4.820099999999990 	 0.038311711618737
4.840099999999980 	 0.037707405276136
4.860099999999980 	 0.037112551819585
4.880099999999980 	 0.036527015822167
4.900099999999980 	 0.035950661856967
4.920099999999980 	 0.035383354497067
4.940099999999980 	 0.034824958315552
4.960099999999980 	 0.034275337885506
4.980099999999980 	 0.033734357780011
5.000099999999980 	 0.033201882572151
5.020099999999980 	 0.032677776835011
5.040099999999980 	 0.032161905141673
5.060099999999980 	 0.031654132065222
5.080099999999980 	 0.031154322178741
5.100099999999980 	 0.030662340055314
5.120099999999980 	 0.030178050268024
5.140099999999980 	 0.029701317389955
5.160099999999980 	 0.029232005994191
5.180099999999980 	 0.028769980653815
5.200099999999980 	 0.028315105941911
5.220099999999980 	 0.027867246431563
5.240099999999980 	 0.027426266695854
5.260099999999980 	 0.026992031307868
5.280099999999980 	 0.026564404840689
5.300099999999970 	 0.026143251867400
5.320099999999970 	 0.025728436961085
5.340099999999970 	 0.025319824694828
5.360099999999970 	 0.024917279641712
5.380099999999970 	 0.024520666374821
5.400099999999970 	 0.024129849467238
5.420099999999970 	 0.023744693492048
5.440099999999970 	 0.023365063022333
5.460099999999970 	 0.022990822631178
5.480099999999970 	 0.022621836891666
5.500099999999970 	 0.022257970376881
5.520099999999970 	 0.021899087659907
5.540099999999970 	 0.021545053313826
5.560099999999970 	 0.021195731947086
5.580099999999970 	 0.020851010332801
5.600099999999970 	 0.020510835253809
5.620099999999970 	 0.020175163549845
5.640099999999970 	 0.019843952060645
5.660099999999970 	 0.019517157625945
5.680099999999970 	 0.019194737085482
5.700099999999970 	 0.018876647278991
5.720099999999970 	 0.018562845046210
5.740099999999970 	 0.018253287226873
5.760099999999960 	 0.017947930660717
5.780099999999960 	 0.017646732187479
5.800099999999960 	 0.017349648646894
5.820099999999960 	 0.017056636878698
5.840099999999960 	 0.016767653722629
5.860099999999960 	 0.016482656018421
5.880099999999960 	 0.016201600605811
5.900099999999960 	 0.015924444324535
5.920099999999960 	 0.015651144014329
5.940099999999960 	 0.015381656514930
5.960099999999960 	 0.015115938666073
5.980099999999960 	 0.014853947307495
6.000099999999960 	 0.014595639278932
6.020099999999960 	 0.014340971420120
6.040099999999960 	 0.014089900570795
6.060099999999960 	 0.013842383570693
6.080099999999960 	 0.013598377259550
6.100099999999960 	 0.013357838477103
6.120099999999960 	 0.013120724063088
6.140099999999960 	 0.012886990857241
6.160099999999960 	 0.012656595699297
6.180099999999960 	 0.012429495428994
6.200099999999960 	 0.012205646886066
6.220099999999960 	 0.011985006910252
6.240099999999950 	 0.011767532341285
6.260099999999950 	 0.011553180018904
6.280099999999950 	 0.011341906782843
6.300099999999950 	 0.011133669472839
6.320099999999950 	 0.010928424928629
6.340099999999950 	 0.010726129989947
6.360099999999950 	 0.010526741496531
6.380099999999950 	 0.010330216288117
6.400099999999950 	 0.010136511204440
6.420099999999950 	 0.009945583085237
6.440099999999950 	 0.009757388770244
6.460099999999950 	 0.009571885099197
6.480099999999950 	 0.009389028911832
6.500099999999950 	 0.009208777047886
6.520099999999950 	 0.009031086347094
6.540099999999950 	 0.008855913649193
6.560099999999950 	 0.008683215793919
6.580099999999950 	 0.008512949621008
6.600099999999950 	 0.008345071970196
6.620099999999950 	 0.008179539681219
6.640099999999950 	 0.008016309593813
6.660099999999950 	 0.007855338547715
6.680099999999950 	 0.007696583382661
6.700099999999940 	 0.007540000938387
6.720099999999940 	 0.007385548054628
6.740099999999940 	 0.007233181571122
6.760099999999940 	 0.007082858327603
6.780099999999940 	 0.006934535163810
6.800099999999940 	 0.006788168919476
6.820099999999940 	 0.006643716434340
6.840099999999940 	 0.006501134548136
6.860099999999940 	 0.006360380100601
6.880099999999940 	 0.006221409931472
6.900099999999940 	 0.006084180880483
6.920099999999940 	 0.005948649787372
6.940099999999940 	 0.005814773491875
6.960099999999940 	 0.005682508833727
6.980099999999940 	 0.005551812652665
7.000099999999940 	 0.005422641788425
7.020099999999940 	 0.005294953080743
7.040099999999940 	 0.005168703369356
7.060099999999940 	 0.005043849493998
7.080099999999940 	 0.004920348294408
7.100099999999940 	 0.004798156610320
7.120099999999940 	 0.004677231281471
7.140099999999940 	 0.004557529147596
7.160099999999940 	 0.004439007048433
7.180099999999930 	 0.004321621823717
7.200099999999930 	 0.004205330313185
7.220099999999930 	 0.004090089356572
7.240099999999930 	 0.003975855793615
7.260099999999930 	 0.003862586464049
7.280099999999930 	 0.003750238207612
7.300099999999930 	 0.003638767864039
7.320099999999930 	 0.003528132273065
7.340099999999930 	 0.003418288274429
7.360099999999930 	 0.003309192707865
7.380099999999930 	 0.003200802413109
7.400099999999930 	 0.003093074229899
7.420099999999930 	 0.002985964997969
7.440099999999930 	 0.002879431557056
7.460099999999930 	 0.002773430746897
7.480099999999930 	 0.002667919407227
7.500099999999930 	 0.002562854377783
7.520099999999930 	 0.002458192498300
7.540099999999930 	 0.002353890608515
7.560099999999930 	 0.002249905548164
7.580099999999930 	 0.002146194156983
7.600099999999930 	 0.002042713390194
7.620099999999930 	 0.001939431254441
7.640099999999920 	 0.001836335804217
7.660099999999920 	 0.001733417211382
7.680099999999920 	 0.001630665647795
7.700099999999920 	 0.001528071285316
7.720099999999920 	 0.001425624295804
7.740099999999920 	 0.001323314851119
7.760099999999920 	 0.001221133123120
7.780099999999920 	 0.001119069283666
7.800099999999920 	 0.001017113504618
7.820099999999920 	 0.000915255957834
7.840099999999920 	 0.000813486815174
7.860099999999920 	 0.000711796248497
7.880099999999920 	 0.000610174429664
7.900099999999920 	 0.000508611530533
7.920099999999920 	 0.000407097722963
7.940099999999920 	 0.000305623178816
7.960099999999920 	 0.000204178069949
7.980099999999920 	 0.000102752568222
8.000000000000000 	 0.000001843916041


0.000100000000000 	 0.000099990000000
0.020100000000000 	 0.019699997535110
0.040100000000000 	 0.038523819882242
0.060100000000000 	 0.056594382533496
0.080100000000000 	 0.073934334413282
0.100100000000000 	 0.090565299557488
0.120100000000000 	 0.106508495553249
0.140100000000000 	 0.121785041882176
0.160100000000000 	 0.136414856951545
0.180100000000000 	 0.150417049088251
0.200100000000000 	 0.163810711444840
0.220100000000000 	 0.176614937173854
0.240100000000000 	 0.188848819427839
0.260100000000000 	 0.200531439622274
0.280100000000000 	 0.211680458987876
0.300100000000000 	 0.222310780545283
0.320100000000000 	 0.232436990414404
0.340100000000000 	 0.242073674715145
0.360100000000000 	 0.251235419567412
0.380100000000000 	 0.259936811091114
0.400100000000000 	 0.268192435406157
0.420100000000000 	 0.276016878632448
0.440100000000000 	 0.283424726889894
0.460100000000000 	 0.290430566298403
0.480100000000000 	 0.297048982977880
0.500100000000000 	 0.303294563048233
0.520100000000000 	 0.309181812702420
0.540100000000000 	 0.314722883851650
0.560100000000000 	 0.319927245865728
0.580100000000000 	 0.324804222184737
0.600100000000000 	 0.329363136248758
0.620100000000000 	 0.333613311497870
0.640100000000000 	 0.337564071372156
0.660100000000000 	 0.341224739311696
0.680100000000000 	 0.344604638756571
0.700100000000000 	 0.347713093146863
0.720100000000000 	 0.350559425922651
0.740100000000000 	 0.353152960524017
0.760100000000000 	 0.355503020391042
0.780100000000000 	 0.357618928963807
0.800100000000000 	 0.359510009682393
0.820100000000000 	 0.361185585986880
0.840100000000000 	 0.362654981317350
0.860100000000000 	 0.363927519113884
0.880100000000000 	 0.365012522816563
0.900100000000000 	 0.365919286761186
0.920100000000000 	 0.366655368545424
0.940100000000000 	 0.367225639281886
0.960100000000001 	 0.367634739624554
0.980100000000001 	 0.367887310227412
1.000100000000000 	 0.367987991744442
1.020100000000000 	 0.367941424829626
1.040100000000000 	 0.367752250136947
1.060100000000000 	 0.367425108320387
1.080100000000000 	 0.366964640033929
1.100100000000000 	 0.366375485931555
1.120100000000000 	 0.365662286667249
1.140100000000000 	 0.364829682894991
1.160100000000000 	 0.363882315268765
1.180100000000000 	 0.362824824442554
1.200100000000000 	 0.361661851070340
1.220100000000000 	 0.360398035806105
1.240100000000000 	 0.359038019303832
1.260100000000000 	 0.357586442217503
1.280100000000000 	 0.356047945201101
1.300100000000000 	 0.354427168908609
1.320100000000000 	 0.352728753994008
1.340100000000000 	 0.350957341111282
1.360100000000000 	 0.349117570914412
1.380100000000000 	 0.347214084057382
1.400100000000000 	 0.345251521194174
1.420100000000000 	 0.343234522978771
1.440100000000000 	 0.341167730065154
1.460100000000000 	 0.339055783107307
1.480100000000000 	 0.336902864306273
1.500100000000000 	 0.334710975096956
1.520100000000000 	 0.332481469174986
1.540100000000000 	 0.330215700131032
1.560100000000000 	 0.327915021555763
1.580100000000000 	 0.325580787039845
1.600100000000000 	 0.323214350173948
1.620100000000000 	 0.320817064548739
1.640100000000000 	 0.318390283754887
1.660100000000000 	 0.315935361383060
1.680100000000000 	 0.313453651023927
1.700100000000000 	 0.310946506268155
1.720100000000000 	 0.308415280706413
1.740100000000000 	 0.305861327929369
1.760100000000000 	 0.303286001527691
1.780100000000000 	 0.300690655092047
1.800100000000000 	 0.298076642213106
1.820100000000000 	 0.295445316481536
1.840100000000000 	 0.292798031488005
1.860100000000000 	 0.290136140823181
1.880100000000000 	 0.287460998077733
1.900100000000000 	 0.284773956842329
1.920100000000000 	 0.282076370707637
1.940100000000000 	 0.279369593264324
1.960100000000000 	 0.276654978103061
1.980100000000000 	 0.273933878814514
2.000100000000000 	 0.271207648989351
2.020100000000000 	 0.268477642218242
2.040100000000000 	 0.265745212091855
2.060100000000000 	 0.263011712200856
2.080100000000000 	 0.260278496135916
2.100100000000000 	 0.257546917487701
2.120100000000000 	 0.254818329846881
2.140100000000000 	 0.252094086804123
2.160100000000000 	 0.249375541950096
2.180100000000000 	 0.246664048875468
2.200100000000000 	 0.243960961170907
2.220100000000000 	 0.241267632427081
2.240100000000000 	 0.238585416234659
2.260100000000000 	 0.235915666184309
2.280100000000000 	 0.233259735866698
2.300100000000000 	 0.230618978872496
2.320100000000000 	 0.227994748792371
2.340100000000000 	 0.225388384093333
2.360100000000000 	 0.222800652654536
2.380100000000000 	 0.220231591022005
2.400100000000000 	 0.217681187846934
2.420100000000000 	 0.215149431780519
2.440100000000000 	 0.212636311473954
2.460100000000000 	 0.210141815578432
2.480100000000000 	 0.207665932745150
2.500100000000000 	 0.205208651625300
2.520100000000000 	 0.202769960870079
2.540100000000000 	 0.200349849130679
2.560100000000000 	 0.197948305058295
2.580100000000000 	 0.195565317304123
2.600100000000000 	 0.193200874519356
2.620100000000000 	 0.190854965355189
2.640100000000000 	 0.188527578462817
2.660100000000000 	 0.186218702493433
2.680100000000000 	 0.183928326098233
2.700100000000000 	 0.181656437928410
2.720100000000000 	 0.179403026635159
2.740100000000000 	 0.177168080869676
2.760100000000000 	 0.174951589283153
2.780100000000000 	 0.172753540526786
2.800100000000000 	 0.170573923251769
2.820100000000000 	 0.168412726109297
2.840100000000000 	 0.166269937750563
2.860100000000000 	 0.164145546826763
2.880100000000000 	 0.162039541989091
2.900100000000000 	 0.159951911888742
2.920100000000000 	 0.157882645176909
2.940100000000000 	 0.155831730504788
2.960100000000000 	 0.153799156523572
2.980100000000000 	 0.151784911884457
3.000100000000000 	 0.149788985238636
3.020100000000000 	 0.147811365237304
3.040100000000000 	 0.145852040531656
3.060100000000000 	 0.143910999772887
3.080100000000000 	 0.141988231612189
3.100100000000000 	 0.140083724700759
3.120100000000000 	 0.138197467689791
3.140100000000000 	 0.136329449230478
3.160100000000000 	 0.134479657974016
3.180100000000000 	 0.132648082571598
3.200100000000000 	 0.130834711674420
3.220100000000000 	 0.129039533933676
3.240100000000000 	 0.127262538000560
3.260100000000000 	 0.125503712526266
3.280100000000000 	 0.123763046161990
3.300100000000000 	 0.122040527558926
3.320100000000000 	 0.120336145368267
3.340100000000000 	 0.118649888241210
3.360100000000000 	 0.116981744828947
3.380100000000000 	 0.115331703782674
3.400100000000000 	 0.113699753753585
3.420100000000000 	 0.112085883392874
3.440100000000000 	 0.110490081351736
3.460100000000000 	 0.108912336281366
3.480100000000000 	 0.107352636832957
3.500100000000000 	 0.105810971657705
3.520100000000000 	 0.104287329406803
3.540100000000000 	 0.102781698731447
3.560100000000000 	 0.101294068282830
3.580100000000000 	 0.099824426712147
3.600100000000000 	 0.098372762670593
3.620100000000000 	 0.096939064809363
3.640100000000000 	 0.095523321766514
3.660100000000000 	 0.094125493544878
3.680100000000000 	 0.092745450841623
3.700100000000000 	 0.091383046992946
3.720100000000000 	 0.090038135335047
3.740100000000000 	 0.088710569204125
3.760100000000000 	 0.087400201936378
3.780100000000000 	 0.086106886868005
3.800100000000000 	 0.084830477335206
3.820100000000000 	 0.083570826674179
3.840100000000000 	 0.082327788221123
3.860100000000000 	 0.081101215312236
3.880100000000000 	 0.079890961283718
3.900100000000000 	 0.078696879471768
3.920100000000000 	 0.077518823212585
3.940100000000000 	 0.076356645842366
3.960100000000000 	 0.075210200697312
3.980100000000000 	 0.074079341113621
4.000100000000000 	 0.072963920427492
4.020100000000000 	 0.071863791975124
4.040100000000000 	 0.070778809092715
4.060100000000000 	 0.069708825116465
4.080100000000000 	 0.068653693382573
4.100100000000000 	 0.067613267227237
4.120100000000000 	 0.066587399986656
4.140100000000000 	 0.065575944997029
4.160100000000000 	 0.064578755594555
4.180100000000000 	 0.063595685115433
4.200100000000000 	 0.062626586895862
4.220100000000000 	 0.061671314272040
4.240100000000000 	 0.060729720580167
4.260100000000000 	 0.059801659156441
4.280100000000000 	 0.058886983337061
4.300100000000000 	 0.057985546458226
4.320100000000000 	 0.057097201856136
4.340100000000000 	 0.056221802866988
4.360099999999990 	 0.055359202826982
4.380099999999990 	 0.054509255072316
4.400099999999990 	 0.053671812939190
4.420099999999990 	 0.052846729763802
4.440099999999990 	 0.052033858882352
4.460099999999990 	 0.051233053631037
4.480099999999990 	 0.050444167346058
4.500099999999990 	 0.049667053363612
4.520099999999990 	 0.048901565019899
4.540099999999990 	 0.048147555651118
4.560099999999990 	 0.047404878593467
4.580099999999990 	 0.046673387183145
4.600099999999990 	 0.045952934756352
4.620099999999990 	 0.045243374649285
4.640099999999990 	 0.044544560198145
4.660099999999990 	 0.043856344739130
4.680099999999990 	 0.043178581608438
4.700099999999990 	 0.042511124142269
4.720099999999990 	 0.041853825676821
4.740099999999990 	 0.041206539548293
4.760099999999990 	 0.040569119092885
4.780099999999990 	 0.039941417646795
4.800099999999990 	 0.039323288546222
4.820099999999990 	 0.038714585127365
4.840099999999980 	 0.038115160726422
4.860099999999980 	 0.037524868679593
4.880099999999980 	 0.036943562323076
4.900099999999980 	 0.036371094993071
4.920099999999980 	 0.035807320025776
4.940099999999980 	 0.035252090757390
4.960099999999980 	 0.034705260524112
4.980099999999980 	 0.034166682662141
5.000099999999980 	 0.033636210507676
5.020099999999980 	 0.033113697396915
5.040099999999980 	 0.032598996666057
5.060099999999980 	 0.032091961651302
5.080099999999980 	 0.031592445688848
5.100099999999980 	 0.031100302114895
5.120099999999980 	 0.030615384265640
5.140099999999980 	 0.030137545477283
5.160099999999980 	 0.029666639086023
5.180099999999980 	 0.029202518428058
5.200099999999980 	 0.028745036839588
5.220099999999980 	 0.028294047656811
5.240099999999980 	 0.027849404215926
5.260099999999980 	 0.027410959853133
5.280099999999980 	 0.026978567904629
5.300099999999970 	 0.026552081706614
5.320099999999970 	 0.026131369982574
5.340099999999970 	 0.025716367973462
5.360099999999970 	 0.025307028890331
5.380099999999970 	 0.024903305944520
5.400099999999970 	 0.024505152347371
5.420099999999970 	 0.024112521310223
5.440099999999970 	 0.023725366044416
5.460099999999970 	 0.023343639761290
5.480099999999970 	 0.022967295672185
5.500099999999970 	 0.022596286988442
5.520099999999970 	 0.022230566921400
5.540099999999970 	 0.021870088682400
5.560099999999970 	 0.021514805482782
5.580099999999970 	 0.021164670533885
5.600099999999970 	 0.020819637047050
5.620099999999970 	 0.020479658233617
5.640099999999970 	 0.020144687304926
5.660099999999970 	 0.019814677472318
5.680099999999970 	 0.019489581947131
5.700099999999970 	 0.019169353940707
5.720099999999970 	 0.018853946664385
5.740099999999970 	 0.018543313329506
5.760099999999960 	 0.018237407147409
5.780099999999960 	 0.017936181329435
5.800099999999960 	 0.017639589086924
5.820099999999960 	 0.017347583631215
5.840099999999960 	 0.017060118173650
5.860099999999960 	 0.016777145925567
5.880099999999960 	 0.016498620098308
5.900099999999960 	 0.016224493903212
5.920099999999960 	 0.015954720551619
5.940099999999960 	 0.015689253254869
5.960099999999960 	 0.015428045224303
5.980099999999960 	 0.015171049671261
6.000099999999960 	 0.014918219807082
6.020099999999960 	 0.014669508843107
6.040099999999960 	 0.014424869990676
6.060099999999960 	 0.014184256461128
6.080099999999960 	 0.013947621465805
6.100099999999960 	 0.013714918216046
6.120099999999960 	 0.013486099923191
6.140099999999960 	 0.013261119798580
6.160099999999960 	 0.013039931053554
6.180099999999960 	 0.012822486899452
6.200099999999960 	 0.012608740547614
6.220099999999960 	 0.012398645209382
6.240099999999950 	 0.012192154096094
6.260099999999950 	 0.011989220419091
6.280099999999950 	 0.011789797389712
6.300099999999950 	 0.011593838219299
6.320099999999950 	 0.011401296119191
6.340099999999950 	 0.011212124300728
6.360099999999950 	 0.011026275975250
6.380099999999950 	 0.010843704354098
6.400099999999950 	 0.010664362648611
6.420099999999950 	 0.010488204070130
6.440099999999950 	 0.010315181829994
6.460099999999950 	 0.010145249139544
6.480099999999950 	 0.009978359210120
6.500099999999950 	 0.009814465253062
6.520099999999950 	 0.009653520479709
6.540099999999950 	 0.009495478101403
6.560099999999950 	 0.009340291329483
6.580099999999950 	 0.009187913375289
6.600099999999950 	 0.009038297450162
6.620099999999950 	 0.008891396765441
6.640099999999950 	 0.008747164532467
6.660099999999950 	 0.008605553962579
6.680099999999950 	 0.008466518267118
6.700099999999940 	 0.008330010657423
6.720099999999940 	 0.008195984344836
6.740099999999940 	 0.008064392540696
6.760099999999940 	 0.007935188456342
6.780099999999940 	 0.007808325303116
6.800099999999940 	 0.007683756292357
6.820099999999940 	 0.007561434635405
6.840099999999940 	 0.007441313543601
6.860099999999940 	 0.007323346228285
6.880099999999940 	 0.007207485900796
6.900099999999940 	 0.007093685772474
6.920099999999940 	 0.006981899054661
6.940099999999940 	 0.006872078958695
6.960099999999940 	 0.006764178695917
6.980099999999940 	 0.006658151477668
7.000099999999940 	 0.006553950515286
7.020099999999940 	 0.006451529020113
7.040099999999940 	 0.006350840203488
7.060099999999940 	 0.006251837276752
7.080099999999940 	 0.006154473451244
7.100099999999940 	 0.006058701938304
7.120099999999940 	 0.005964475949273
7.140099999999940 	 0.005871748695492
7.160099999999940 	 0.005780473388299
7.180099999999930 	 0.005690603239034
7.200099999999930 	 0.005602091459039
7.220099999999930 	 0.005514891259653
7.240099999999930 	 0.005428955852217
7.260099999999930 	 0.005344238448069
7.280099999999930 	 0.005260692258551
7.300099999999930 	 0.005178270495003
7.320099999999930 	 0.005096926474898
7.340099999999930 	 0.005016625568115
7.360099999999930 	 0.004937356138860
7.380099999999930 	 0.004859109136475
7.400099999999930 	 0.004781875510297
7.420099999999930 	 0.004705646209665
7.440099999999930 	 0.004630412183919
7.460099999999930 	 0.004556164382396
7.480099999999930 	 0.004482893754437
7.500099999999930 	 0.004410591249380
7.520099999999930 	 0.004339247816563
7.540099999999930 	 0.004268854405327
7.560099999999930 	 0.004199401965009
7.580099999999930 	 0.004130881444948
7.600099999999930 	 0.004063283794485
7.620099999999930 	 0.003996599962956
7.640099999999920 	 0.003930820899702
7.660099999999920 	 0.003865937554061
7.680099999999920 	 0.003801940875372
7.700099999999920 	 0.003738821812974
7.720099999999920 	 0.003676571316206
7.740099999999920 	 0.003615180334407
7.760099999999920 	 0.003554639816915
7.780099999999920 	 0.003494940713070
7.800099999999920 	 0.003436073972211
7.820099999999920 	 0.003378030543675
7.840099999999920 	 0.003320801376804
7.860099999999920 	 0.003264377420934
7.880099999999920 	 0.003208749625405
7.900099999999920 	 0.003153908939557
7.920099999999920 	 0.003099846312727
7.940099999999920 	 0.003046552694256
7.960099999999920 	 0.002994019033480
7.980099999999920 	 0.002942236279741
8.000099999999920 	 0.002891195382376
8.020099999999920 	 0.002840887290724
8.040099999999920 	 0.002791302954125
8.060099999999920 	 0.002742433321917
8.080099999999920 	 0.002694269343439
8.100099999999920 	 0.002646801968030
8.120099999999920 	 0.002600022145029
8.140099999999920 	 0.002553920823775
8.160099999999910 	 0.002508488953606
8.180099999999910 	 0.002463717483862
8.200099999999910 	 0.002419597363882
8.220099999999910 	 0.002376119543004
8.240099999999910 	 0.002333274970567
8.260099999999910 	 0.002291054595911
8.280099999999910 	 0.002249449368374
8.300099999999910 	 0.002208450237294
8.320099999999910 	 0.002168048152012
8.340099999999910 	 0.002128234061866
8.360099999999910 	 0.002088998916194
8.380099999999910 	 0.002050333664336
8.400099999999910 	 0.002012229255630
8.420099999999910 	 0.001974676639416
8.440099999999910 	 0.001937666765032
8.460099999999910 	 0.001901190581817
8.480099999999910 	 0.001865239039111
8.500099999999910 	 0.001829803086251
8.520099999999910 	 0.001794873672578
8.540099999999910 	 0.001760441747429
8.560099999999910 	 0.001726498260144
8.580099999999910 	 0.001693034160062
8.600099999999910 	 0.001660040396521
8.620099999999900 	 0.001627507918861
8.640099999999900 	 0.001595427676420
8.660099999999900 	 0.001563790618537
8.680099999999900 	 0.001532587694552
8.700099999999900 	 0.001501809853802
8.720099999999900 	 0.001471448045628
8.740099999999900 	 0.001441493219367
8.760099999999900 	 0.001411936324359
8.780099999999900 	 0.001382768309943
8.800099999999900 	 0.001353980125457
8.820099999999900 	 0.001325562720241
8.840099999999900 	 0.001297507043633
8.860099999999900 	 0.001269804044972
8.880099999999900 	 0.001242444673598
8.900099999999900 	 0.001215419878848
8.920099999999900 	 0.001188720610063
8.940099999999900 	 0.001162337816580
8.960099999999900 	 0.001136262447740
8.980099999999900 	 0.001110485452880
9.000099999999900 	 0.001084997781339
9.020099999999900 	 0.001059790382457
9.040099999999900 	 0.001034854205572
9.060099999999900 	 0.001010180200024
9.080099999999900 	 0.000985759315150
9.100099999999890 	 0.000961582500291
9.120099999999890 	 0.000937640704785
9.140099999999890 	 0.000913924877971
9.160099999999890 	 0.000890425969187
9.180099999999890 	 0.000867134927773
9.200099999999890 	 0.000844042703068
9.220099999999890 	 0.000821140244410
9.240099999999890 	 0.000798418501139
9.260099999999890 	 0.000775868422593
9.280099999999890 	 0.000753480958111
9.300099999999890 	 0.000731247057032
9.320099999999890 	 0.000709157668695
9.340099999999890 	 0.000687203742439
9.360099999999890 	 0.000665376227603
9.380099999999890 	 0.000643666073525
9.400099999999890 	 0.000622064229545
9.420099999999890 	 0.000600561645002
9.440099999999890 	 0.000579149269234
9.460099999999890 	 0.000557818433657
9.480099999999890 	 0.000536564185878
9.500099999999890 	 0.000515383666224
9.520099999999890 	 0.000494274038454
9.540099999999890 	 0.000473232466326
9.560099999999880 	 0.000452256113595
9.580099999999880 	 0.000431342144021
9.600099999999880 	 0.000410487721360
9.620099999999880 	 0.000389690009369
9.640099999999880 	 0.000368946171807
9.660099999999880 	 0.000348253372430
9.680099999999880 	 0.000327608774996
9.700099999999880 	 0.000307009543262
9.720099999999880 	 0.000286452840986
9.740099999999880 	 0.000265935831925
9.760099999999880 	 0.000245455679836
9.780099999999880 	 0.000225009548478
9.800099999999880 	 0.000204594601607
9.820099999999880 	 0.000184208002980
9.840099999999880 	 0.000163846916356
9.860099999999880 	 0.000143508505491
9.880099999999880 	 0.000123189934143
9.900099999999880 	 0.000102888366070
9.920099999999880 	 0.000082600965028
9.940099999999880 	 0.000062324894775
9.960099999999880 	 0.000042057319069
9.980099999999880 	 0.000021795401667
10.000000000000000 	 0.000001637599475


0.000100000000000 	 0.000099990000000
0.020100000000000 	 0.019699997592531
0.040100000000000 	 0.038523819333162
0.060100000000000 	 0.056594382038123
0.080100000000000 	 0.073934340407803
0.100100000000000 	 0.090565311911551
0.120100000000000 	 0.106508502618272
0.140100000000000 	 0.121785021753443
0.160100000000000 	 0.136414793201349
0.180100000000000 	 0.150416941377321
0.200100000000000 	 0.163810575721108
0.220100000000000 	 0.176614805672463
0.240100000000000 	 0.188848740671136
0.260100000000000 	 0.200531478317560
0.280100000000000 	 0.211680683654602
0.300100000000000 	 0.222311239485235
0.320100000000000 	 0.232437708950828
0.340100000000000 	 0.242074655192747
0.360100000000000 	 0.251236641352362
0.380100000000000 	 0.259938230571038
0.400100000000000 	 0.268193985990144
0.420100000000000 	 0.276018470751047
0.440100000000000 	 0.283426247995116
0.460100000000000 	 0.290431880863717
0.480100000000000 	 0.297049932498219
0.500100000000000 	 0.303294966039989
0.520100000000000 	 0.309181465801160
0.540100000000000 	 0.314721594145773
0.560100000000000 	 0.319924867738433
0.580100000000000 	 0.324800659318217
0.600100000000000 	 0.329358341624200
0.620100000000000 	 0.333607287395458
0.640100000000000 	 0.337556869371066
0.660100000000000 	 0.341216460290101
0.680100000000000 	 0.344595432891637
0.700100000000000 	 0.347703159914752
0.720100000000000 	 0.350549014098520
0.740100000000000 	 0.353142368182017
0.760100000000000 	 0.355492594904319
0.780100000000000 	 0.357609067004501
0.800100000000000 	 0.359501157221640
0.820100000000000 	 0.361178238294811
0.840100000000000 	 0.362649682963089
0.860100000000000 	 0.363924863965551
0.880100000000000 	 0.365013154041272
0.900100000000000 	 0.365923567649540
0.920100000000000 	 0.366662247839659
0.940100000000000 	 0.367233957713164
0.960100000000001 	 0.367643451602185
0.980100000000001 	 0.367895483838847
1.000100000000000 	 0.367994808755277
1.020100000000000 	 0.367946180683605
1.040100000000000 	 0.367754353955956
1.060100000000000 	 0.367424082904459
1.080100000000000 	 0.366960121861240
1.100100000000000 	 0.366367225158427
1.120100000000000 	 0.365650147128147
1.140100000000000 	 0.364813642102528
1.160100000000000 	 0.363862464413697
1.180100000000000 	 0.362801368393781
1.200100000000000 	 0.361635108374908
1.220100000000000 	 0.360368438689205
1.240100000000000 	 0.359006113668800
1.260100000000000 	 0.357552887645820
1.280100000000000 	 0.356013514952391
1.300100000000000 	 0.354392749920643
1.320100000000000 	 0.352695346882701
1.340100000000000 	 0.350926060170694
1.360100000000000 	 0.349089644116749
1.380100000000000 	 0.347190853052992
1.400100000000000 	 0.345234441311552
1.420100000000000 	 0.343225163224556
1.440100000000000 	 0.341167771859523
1.460100000000000 	 0.339066228424041
1.480100000000000 	 0.336922350507615
1.500100000000000 	 0.334737596509652
1.520100000000000 	 0.332513424829558
1.540100000000000 	 0.330251293866740
1.560100000000000 	 0.327952662020602
1.580100000000000 	 0.325618987690553
1.600100000000000 	 0.323251729275998
1.620100000000000 	 0.320852345176343
1.640100000000000 	 0.318422293790995
1.660100000000000 	 0.315963033519360
1.680100000000000 	 0.313476022760845
1.700100000000000 	 0.310962719914855
1.720100000000000 	 0.308424583380797
1.740100000000000 	 0.305863071558077
1.760100000000000 	 0.303279642846102
1.780100000000000 	 0.300675755644277
1.800100000000000 	 0.298052868352010
1.820100000000000 	 0.295412439368706
1.840100000000000 	 0.292755927093772
1.860100000000000 	 0.290084789926614
1.880100000000000 	 0.287400486266638
1.900100000000000 	 0.284704474513250
1.920100000000000 	 0.281998213065857
1.940100000000000 	 0.279283160323866
1.960100000000000 	 0.276560774686682
1.980100000000000 	 0.273832514553712
2.000100000000000 	 0.271099838324362
2.020100000000000 	 0.268364204398038
2.040100000000000 	 0.265627071174146
2.060100000000000 	 0.262889897052094
2.080100000000000 	 0.260154140431287
2.100100000000000 	 0.257421259711131
2.120100000000000 	 0.254692713291033
2.140100000000000 	 0.251969959570400
2.160100000000000 	 0.249254456948636
2.180100000000000 	 0.246547663825150
2.200100000000000 	 0.243851038599346
2.220100000000000 	 0.241166039670631
2.240100000000000 	 0.238494125438412
2.260100000000000 	 0.235836754302095
2.280100000000000 	 0.233195384301427
2.300100000000000 	 0.230571144030647
2.320100000000000 	 0.227964224013649
2.340100000000000 	 0.225374648917760
2.360100000000000 	 0.222802443410308
2.380100000000000 	 0.220247632158618
2.400100000000000 	 0.217710239830017
2.420100000000000 	 0.215190291091833
2.440100000000000 	 0.212687810611392
2.460100000000000 	 0.210202823056021
2.480100000000000 	 0.207735353093046
2.500100000000000 	 0.205285425389794
2.520100000000000 	 0.202853064613593
2.540100000000000 	 0.200438295431768
2.560100000000000 	 0.198041142511646
2.580100000000000 	 0.195661630520555
2.600100000000000 	 0.193299784125820
2.620100000000000 	 0.190955627994770
2.640100000000000 	 0.188629186794729
2.660100000000000 	 0.186320485193026
2.680100000000000 	 0.184029547856987
2.700100000000000 	 0.181756399453938
2.720100000000000 	 0.179501064651207
2.740100000000000 	 0.177263568116120
2.760100000000000 	 0.175043934516003
2.780100000000000 	 0.172842188518185
2.800100000000000 	 0.170658354789990
2.820100000000000 	 0.168492457998747
2.840100000000000 	 0.166344522811782
2.860100000000000 	 0.164214573896421
2.880100000000000 	 0.162102635919991
2.900100000000000 	 0.160008733549820
2.920100000000000 	 0.157932891453233
2.940100000000000 	 0.155875134297558
2.960100000000000 	 0.153835486750121
2.980100000000000 	 0.151813973478249
3.000100000000000 	 0.149810619149269
3.020100000000000 	 0.147825448430508
3.040100000000000 	 0.145858485989291
3.060100000000000 	 0.143909756492947
3.080100000000000 	 0.141979284608801
3.100100000000000 	 0.140067095004181
3.120100000000000 	 0.138173212346413
3.140100000000000 	 0.136297661302824
3.160100000000000 	 0.134440466540741
3.180100000000000 	 0.132601652727490
3.200100000000000 	 0.130781244530398
3.220100000000000 	 0.128979266616793
3.240100000000000 	 0.127195743654000
3.260100000000000 	 0.125430700309346
3.280100000000000 	 0.123684161250158
3.300100000000000 	 0.121956151143764
3.320100000000000 	 0.120246694657489
3.340100000000000 	 0.118555816458660
3.360100000000000 	 0.116883541214605
3.380100000000000 	 0.115229893592649
3.400100000000000 	 0.113594898260120
3.420100000000000 	 0.111978579884344
3.440100000000000 	 0.110380963132648
3.460100000000000 	 0.108802072672360
3.480100000000000 	 0.107241933170804
3.500100000000000 	 0.105700569295309
3.520100000000000 	 0.104178005713201
3.540100000000000 	 0.102674266781819
3.560100000000000 	 0.101189324251712
3.580100000000000 	 0.099723038366119
3.600100000000000 	 0.098275255149688
3.620100000000000 	 0.096845820627066
3.640100000000000 	 0.095434580822902
3.660100000000000 	 0.094041381761842
3.680100000000000 	 0.092666069468534
3.700100000000000 	 0.091308489967627
3.720100000000000 	 0.089968489283768
3.740100000000000 	 0.088645913441604
3.760100000000000 	 0.087340608465784
3.780100000000000 	 0.086052420380955
3.800100000000000 	 0.084781195211765
3.820100000000000 	 0.083526778982861
3.840100000000000 	 0.082289017718892
3.860100000000000 	 0.081067757444504
3.880100000000000 	 0.079862844184346
3.900100000000000 	 0.078674123963066
3.920100000000000 	 0.077501442805310
3.940100000000000 	 0.076344646735728
3.960100000000000 	 0.075203581778966
3.980100000000000 	 0.074078093959672
4.000100000000000 	 0.072968029302494
4.020100000000000 	 0.071873233832080
4.040100000000000 	 0.070793553573077
4.060100000000000 	 0.069728834550134
4.080100000000000 	 0.068678922787897
4.100100000000000 	 0.067643664311015
4.120100000000000 	 0.066622905144135
4.140100000000000 	 0.065616491311905
4.160100000000000 	 0.064624268838973
4.180100000000000 	 0.063646083749986
4.200100000000000 	 0.062681782069592
4.220100000000000 	 0.061731209822439
4.240100000000000 	 0.060794213033175
4.260100000000000 	 0.059870637726447
4.280100000000000 	 0.058960329926903
4.300100000000000 	 0.058063135659191
4.320100000000000 	 0.057178900947958
4.340100000000000 	 0.056307471817852
4.360099999999990 	 0.055448694293521
4.380099999999990 	 0.054602414399613
4.400099999999990 	 0.053768478160775
4.420099999999990 	 0.052946731601655
4.440099999999990 	 0.052137020746900
4.460099999999990 	 0.051339191621159
4.480099999999990 	 0.050553090249080
4.500099999999990 	 0.049778562655309
4.520099999999990 	 0.049015454864495
4.540099999999990 	 0.048263612901285
4.560099999999990 	 0.047522882790327
4.580099999999990 	 0.046793110556268
4.600099999999990 	 0.046074142223758
4.620099999999990 	 0.045365823817442
4.640099999999990 	 0.044668001361969
4.660099999999990 	 0.043980520881987
4.680099999999990 	 0.043303228402143
4.700099999999990 	 0.042635969947085
4.720099999999990 	 0.041978591541461
4.740099999999990 	 0.041330939209918
4.760099999999990 	 0.040692858977105
4.780099999999990 	 0.040064196867668
4.800099999999990 	 0.039444798906256
4.820099999999990 	 0.038834511117517
4.840099999999980 	 0.038233179526097
4.860099999999980 	 0.037640650156645
4.880099999999980 	 0.037056769033809
4.900099999999980 	 0.036481382182236
4.920099999999980 	 0.035914335626573
4.940099999999980 	 0.035355475391470
4.960099999999980 	 0.034804647501572
4.980099999999980 	 0.034261697981529
5.000099999999980 	 0.033726472855987
5.020099999999980 	 0.033198818149595
5.040099999999980 	 0.032678579887001
5.060099999999980 	 0.032165604092851
5.080099999999980 	 0.031659736791793
5.100099999999980 	 0.031160824008476
5.120099999999980 	 0.030668712945897
5.140099999999980 	 0.030183292839365
5.160099999999980 	 0.029704505436367
5.180099999999980 	 0.029232295791324
5.200099999999980 	 0.028766608958660
5.220099999999980 	 0.028307389992796
5.240099999999980 	 0.027854583948155
5.260099999999980 	 0.027408135879160
5.280099999999980 	 0.026967990840233
5.300099999999970 	 0.026534093885796
5.320099999999970 	 0.026106390070271
5.340099999999970 	 0.025684824448081
5.360099999999970 	 0.025269342073649
5.380099999999970 	 0.024859888001396
5.400099999999970 	 0.024456407285745
5.420099999999970 	 0.024058844981119
5.440099999999970 	 0.023667146141940
5.460099999999970 	 0.023281255822630
5.480099999999970 	 0.022901119077611
5.500099999999970 	 0.022526680961306
5.520099999999970 	 0.022157886528138
5.540099999999970 	 0.021794680832529
5.560099999999970 	 0.021437008928900
5.580099999999970 	 0.021084815871675
5.600099999999970 	 0.020738046715276
5.620099999999970 	 0.020396646514125
5.640099999999970 	 0.020060560322645
5.660099999999970 	 0.019729733195258
5.680099999999970 	 0.019404110186386
5.700099999999970 	 0.019083636350452
5.720099999999970 	 0.018768256741878
5.740099999999970 	 0.018457916415087
5.760099999999960 	 0.018152560424500
5.780099999999960 	 0.017852133824541
5.800099999999960 	 0.017556581669632
5.820099999999960 	 0.017265849014194
5.840099999999960 	 0.016979880912651
5.860099999999960 	 0.016698622419425
5.880099999999960 	 0.016422018588937
5.900099999999960 	 0.016150014475612
5.920099999999960 	 0.015882555133870
5.940099999999960 	 0.015619585618135
5.960099999999960 	 0.015361050982828
5.980099999999960 	 0.015106896282372
6.000099999999960 	 0.014857066571190
6.020099999999960 	 0.014611506903704
6.040099999999960 	 0.014370162334336
6.060099999999960 	 0.014132977917508
6.080099999999960 	 0.013899898707644
6.100099999999960 	 0.013670869759164
6.120099999999960 	 0.013445836126493
6.140099999999960 	 0.013224742864051
6.160099999999960 	 0.013007535026262
6.180099999999960 	 0.012794157667548
6.200099999999960 	 0.012584555842331
6.220099999999960 	 0.012378674605034
6.240099999999950 	 0.012176459010079
6.260099999999950 	 0.011977854111888
6.280099999999950 	 0.011782804964884
6.300099999999950 	 0.011591256623489
6.320099999999950 	 0.011403154142125
6.340099999999950 	 0.011218442575216
6.360099999999950 	 0.011037066977182
6.380099999999950 	 0.010858972402448
6.400099999999950 	 0.010684103905434
6.420099999999950 	 0.010512406540564
6.440099999999950 	 0.010343825362259
6.460099999999950 	 0.010178305424943
6.480099999999950 	 0.010015791783037
6.500099999999950 	 0.009856229490964
6.520099999999950 	 0.009699563603147
6.540099999999950 	 0.009545739174007
6.560099999999950 	 0.009394701257967
6.580099999999950 	 0.009246394909450
6.600099999999950 	 0.009100765182877
6.620099999999950 	 0.008957757132672
6.640099999999950 	 0.008817315813256
6.660099999999950 	 0.008679386279052
6.680099999999950 	 0.008543913584483
6.700099999999940 	 0.008410842783970
6.720099999999940 	 0.008280118931936
6.740099999999940 	 0.008151687082804
6.760099999999940 	 0.008025492290996
6.780099999999940 	 0.007901479610934
6.800099999999940 	 0.007779594097040
6.820099999999940 	 0.007659780803738
6.840099999999940 	 0.007541984785448
6.860099999999940 	 0.007426151096595
6.880099999999940 	 0.007312224791600
6.900099999999940 	 0.007200150924885
6.920099999999940 	 0.007089874550873
6.940099999999940 	 0.006981340723986
6.960099999999940 	 0.006874494498647
6.980099999999940 	 0.006769280929278
7.000099999999940 	 0.006665645070302
7.020099999999940 	 0.006563531976140
7.040099999999940 	 0.006462886701215
7.060099999999940 	 0.006363654299950
7.080099999999940 	 0.006265779826767
7.100099999999940 	 0.006169208336088
7.120099999999940 	 0.006073884882336
7.140099999999940 	 0.005979760220711
7.160099999999940 	 0.005886815621063
7.180099999999930 	 0.005795042520592
7.200099999999930 	 0.005704432363464
7.220099999999930 	 0.005614976593845
7.240099999999930 	 0.005526666655901
7.260099999999930 	 0.005439493993797
7.280099999999930 	 0.005353450051700
7.300099999999930 	 0.005268526273775
7.320099999999930 	 0.005184714104189
7.340099999999930 	 0.005102004987106
7.360099999999930 	 0.005020390366694
7.380099999999930 	 0.004939861687118
7.400099999999930 	 0.004860410392543
7.420099999999930 	 0.004782027927136
7.440099999999930 	 0.004704705735063
7.460099999999930 	 0.004628435260490
7.480099999999930 	 0.004553207947582
7.500099999999930 	 0.004479015240505
7.520099999999930 	 0.004405848583425
7.540099999999930 	 0.004333699420509
7.560099999999930 	 0.004262559195922
7.580099999999930 	 0.004192419353829
7.600099999999930 	 0.004123271338397
7.620099999999930 	 0.004055106593792
7.640099999999920 	 0.003987916564180
7.660099999999920 	 0.003921692693726
7.680099999999920 	 0.003856426426596
7.700099999999920 	 0.003792109206957
7.720099999999920 	 0.003728732478974
7.740099999999920 	 0.003666287686813
7.760099999999920 	 0.003604766274640
7.780099999999920 	 0.003544159686621
7.800099999999920 	 0.003484459366921
7.820099999999920 	 0.003425656759708
7.840099999999920 	 0.003367743309145
7.860099999999920 	 0.003310710459401
7.880099999999920 	 0.003254549654639
7.900099999999920 	 0.003199252339027
7.920099999999920 	 0.003144809956730
7.940099999999920 	 0.003091213951914
7.960099999999920 	 0.003038455768745
7.980099999999920 	 0.002986526851388
8.000099999999920 	 0.002935418644011
8.020099999999920 	 0.002885122590778
8.040099999999920 	 0.002835630135855
8.060099999999920 	 0.002786932723409
8.080099999999920 	 0.002739021797605
8.100099999999920 	 0.002691888802609
8.120099999999920 	 0.002645525182587
8.140099999999920 	 0.002599922381706
8.160099999999910 	 0.002555071844130
8.180099999999910 	 0.002510965014026
8.200099999999910 	 0.002467593335559
8.220099999999910 	 0.002424948252897
8.240099999999910 	 0.002383021210203
8.260099999999910 	 0.002341803651645
8.280099999999910 	 0.002301287021388
8.300099999999910 	 0.002261462763598
8.320099999999910 	 0.002222322322442
8.340099999999910 	 0.002183857142084
8.360099999999910 	 0.002146058666691
8.380099999999910 	 0.002108918340429
8.400099999999910 	 0.002072427607463
8.420099999999910 	 0.002036577911960
8.440099999999910 	 0.002001360698085
8.460099999999910 	 0.001966767410004
8.480099999999910 	 0.001932789491884
8.500099999999910 	 0.001899418387890
8.520099999999910 	 0.001866645542188
8.540099999999910 	 0.001834462398943
8.560099999999910 	 0.001802860402322
8.580099999999910 	 0.001771830996491
8.600099999999910 	 0.001741365625616
8.620099999999900 	 0.001711455733862
8.640099999999900 	 0.001682092765395
8.660099999999900 	 0.001653268164382
8.680099999999900 	 0.001624973374987
8.700099999999900 	 0.001597199841378
8.720099999999900 	 0.001569939007720
8.740099999999900 	 0.001543182318178
8.760099999999900 	 0.001516921216919
8.780099999999900 	 0.001491147148109
8.800099999999900 	 0.001465851555913
8.820099999999900 	 0.001441025884498
8.840099999999900 	 0.001416661578029
8.860099999999900 	 0.001392750080672
8.880099999999900 	 0.001369282836593
8.900099999999900 	 0.001346251289958
8.920099999999900 	 0.001323646884933
8.940099999999900 	 0.001301461065684
8.960099999999900 	 0.001279685276376
8.980099999999900 	 0.001258310961176
9.000099999999900 	 0.001237329564249
9.020099999999900 	 0.001216732529762
9.040099999999900 	 0.001196511301880
9.060099999999900 	 0.001176657324769
9.080099999999900 	 0.001157162042595
9.100099999999890 	 0.001138016899524
9.120099999999890 	 0.001119213510964
9.140099999999890 	 0.001100746022362
9.160099999999890 	 0.001082610510435
9.180099999999890 	 0.001064803100643
9.200099999999890 	 0.001047319918448
9.220099999999890 	 0.001030157089309
9.240099999999890 	 0.001013310738687
9.260099999999890 	 0.000996776992041
9.280099999999890 	 0.000980551974833
9.300099999999890 	 0.000964631812523
9.320099999999890 	 0.000949012630570
9.340099999999890 	 0.000933690554436
9.360099999999890 	 0.000918661709581
9.380099999999890 	 0.000903922221464
9.400099999999890 	 0.000889468215547
9.420099999999890 	 0.000875295817289
9.440099999999890 	 0.000861401152151
9.460099999999890 	 0.000847780345594
9.480099999999890 	 0.000834429523077
9.500099999999890 	 0.000821344810061
9.520099999999890 	 0.000808522332006
9.540099999999890 	 0.000795958214373
9.560099999999880 	 0.000783648582622
9.580099999999880 	 0.000771589562213
9.600099999999880 	 0.000759777278606
9.620099999999880 	 0.000748207857263
9.640099999999880 	 0.000736877423643
9.660099999999880 	 0.000725782103206
9.680099999999880 	 0.000714918021413
9.700099999999880 	 0.000704281303724
9.720099999999880 	 0.000693868075600
9.740099999999880 	 0.000683674462501
9.760099999999880 	 0.000673696589887
9.780099999999880 	 0.000663930583218
9.800099999999880 	 0.000654372567955
9.820099999999880 	 0.000645018669559
9.840099999999880 	 0.000635865013489
9.860099999999880 	 0.000626907725205
9.880099999999880 	 0.000618142930169
9.900099999999880 	 0.000609566753841
9.920099999999880 	 0.000601175321680
9.940099999999880 	 0.000592964759147
9.960099999999880 	 0.000584931191703
9.980099999999880 	 0.000577070744808
10.000099999999900 	 0.000569379543922
10.020099999999900 	 0.000561853714505
10.040099999999900 	 0.000554489382018
10.060099999999900 	 0.000547282671921
10.080099999999900 	 0.000540229709675
10.100099999999900 	 0.000533326620739
10.120099999999900 	 0.000526569530574
10.140099999999900 	 0.000519954564641
10.160099999999900 	 0.000513477848400
10.180099999999900 	 0.000507135507311
10.200099999999900 	 0.000500923666834
10.220099999999900 	 0.000494838452430
10.240099999999900 	 0.000488875989559
10.260099999999900 	 0.000483032403681
10.280099999999900 	 0.000477303820257
10.300099999999900 	 0.000471686364747
10.320099999999900 	 0.000466176162612
10.340099999999900 	 0.000460769339311
10.360099999999900 	 0.000455462020305
10.380099999999900 	 0.000450250331055
10.400099999999900 	 0.000445130397020
10.420099999999900 	 0.000440098343661
10.440099999999900 	 0.000435150296439
10.460099999999900 	 0.000430282380813
10.480099999999900 	 0.000425490722245
10.500099999999900 	 0.000420771446194
10.520099999999900 	 0.000416120678120
10.540099999999900 	 0.000411534543484
10.560099999999900 	 0.000407009167747
10.580099999999900 	 0.000402540676368
10.600099999999900 	 0.000398125194809
10.620099999999900 	 0.000393758848528
10.640099999999900 	 0.000389437762988
10.660099999999900 	 0.000385158063647
10.680099999999900 	 0.000380915875966
10.700099999999900 	 0.000376707325407
10.720099999999900 	 0.000372528537428
10.740099999999900 	 0.000368375637490
10.760099999999900 	 0.000364244751054
10.780099999999900 	 0.000360132003580
10.800099999999900 	 0.000356033520528
10.820099999999900 	 0.000351945427359
10.840099999999900 	 0.000347863849533
10.860099999999900 	 0.000343784912510
10.880099999999900 	 0.000339704741750
10.900099999999900 	 0.000335619462714
10.920099999999900 	 0.000331525200863
10.940099999999900 	 0.000327418081656
10.960099999999900 	 0.000323294230554
10.980099999999900 	 0.000319149773018
11.000099999999900 	 0.000314980834507
11.020099999999900 	 0.000310783540481
11.040099999999900 	 0.000306554016402
11.060099999999900 	 0.000302288387730
11.080099999999900 	 0.000297982779924
11.100099999999900 	 0.000293633318446
11.120099999999900 	 0.000289236128755
11.140099999999900 	 0.000284787336311
11.160099999999900 	 0.000280283066577
11.180099999999900 	 0.000275719445010
11.200099999999900 	 0.000271092597072
11.220099999999800 	 0.000266398648224
11.240099999999800 	 0.000261633723925
11.260099999999800 	 0.000256793949636
11.280099999999800 	 0.000251875450817
11.300099999999800 	 0.000246874352928
11.320099999999800 	 0.000241786781431
11.340099999999800 	 0.000236608861784
11.360099999999800 	 0.000231336719449
11.380099999999800 	 0.000225966479885
11.400099999999800 	 0.000220494268554
11.420099999999800 	 0.000214916210915
11.440099999999800 	 0.000209228432429
11.460099999999800 	 0.000203427058556
11.480099999999800 	 0.000197508214757
11.500099999999800 	 0.000191468026491
11.520099999999800 	 0.000185302619219
11.540099999999800 	 0.000179008118402
11.560099999999800 	 0.000172580649499
11.580099999999800 	 0.000166016337972
11.600099999999800 	 0.000159311309280
11.620099999999800 	 0.000152461688883
11.640099999999800 	 0.000145463602243
11.660099999999800 	 0.000138313174819
11.680099999999800 	 0.000131006532072
11.700099999999800 	 0.000123539799462
11.720099999999800 	 0.000115909102449
11.740099999999800 	 0.000108110566494
11.760099999999800 	 0.000100140317056
11.780099999999800 	 0.000091994479598
11.800099999999800 	 0.000083669179578
11.820099999999800 	 0.000075160542456
11.840099999999800 	 0.000066464693695
11.860099999999800 	 0.000057577758753
11.880099999999800 	 0.000048495863090
11.900099999999800 	 0.000039215132169
11.920099999999800 	 0.000029731691448
11.940099999999800 	 0.000020048910676
11.960099999999800 	 0.000010207629301
11.980099999999800 	 0.000000260765145
12.000000000000000 	 -0.000009688717034


