0.000100000000000 	 0.000099990000000
0.020100000000000 	 0.019699996952640
0.040100000000000 	 0.038523825389971
0.060100000000000 	 0.056594387434852
0.080100000000000 	 0.073934273760933
0.100100000000000 	 0.090565174588926
0.120100000000000 	 0.106508423613090
0.140100000000000 	 0.121785243698182
0.160100000000000 	 0.136415498019236
0.180100000000000 	 0.150418132690680
0.200100000000000 	 0.163812076648644
0.220100000000000 	 0.176616258829260
0.240100000000000 	 0.188849608168659
0.260100000000000 	 0.200531042896826
0.280100000000000 	 0.211678185800301
0.300100000000000 	 0.222306143721732
0.320100000000000 	 0.232429734437877
0.340100000000000 	 0.242063775725492
0.360100000000000 	 0.251223085361333
0.380100000000000 	 0.259922481122156
0.400100000000000 	 0.268176780784719
0.420100000000000 	 0.276000802125778
0.440100000000000 	 0.283409362922089
0.460100000000000 	 0.290417280950409
0.480100000000000 	 0.297039373987494
0.500100000000000 	 0.303290459810101
0.520100000000000 	 0.309185266195645
0.540100000000000 	 0.314735869953320
0.560100000000000 	 0.319951327297175
0.580100000000000 	 0.324840530121474
0.600100000000000 	 0.329412370320485
0.620100000000000 	 0.333675739788473
0.640100000000000 	 0.337639530419703
0.660100000000000 	 0.341312634108441
0.680100000000000 	 0.344703942748954
0.700100000000000 	 0.347822348235507
0.720100000000000 	 0.350676742462365
0.740100000000000 	 0.353276017323794
0.760100000000000 	 0.355629064714060
0.780100000000000 	 0.357744776527430
0.800100000000000 	 0.359632044658168
0.820100000000000 	 0.361299761000540
0.840100000000000 	 0.362756817448813
0.860100000000000 	 0.364012105897251
0.880100000000000 	 0.365074518240122
0.900100000000000 	 0.365952946371689
0.920100000000000 	 0.366656282186220
0.940100000000000 	 0.367193417577980
0.960100000000001 	 0.367573244441234
0.980100000000001 	 0.367804654670249
1.000100000000000 	 0.367896156926233
1.020100000000000 	 0.367852910925392
1.040100000000000 	 0.367678346337804
1.060100000000000 	 0.367375878364798
1.080100000000000 	 0.366948922207700
1.100100000000000 	 0.366400893067838
1.120100000000000 	 0.365735206146539
1.140100000000000 	 0.364955276645132
1.160100000000000 	 0.364064519764943
1.180100000000000 	 0.363066350707301
1.200100000000000 	 0.361964184673532
1.220100000000000 	 0.360761436864964
1.240100000000000 	 0.359461522482925
1.260100000000000 	 0.358067856728742
1.280100000000000 	 0.356583854803743
1.300100000000000 	 0.355012931909254
1.320100000000000 	 0.353358503246605
1.340100000000000 	 0.351623984017121
1.360100000000000 	 0.349812789422131
1.380100000000000 	 0.347928334662962
1.400100000000000 	 0.345974034940942
1.420100000000000 	 0.343953305457398
1.440100000000000 	 0.341869561413658
1.460100000000000 	 0.339726218011048
1.480100000000000 	 0.337526690450898
1.500100000000000 	 0.335274393934533
1.520100000000000 	 0.332972743663282
1.540100000000000 	 0.330625154838472
1.560100000000000 	 0.328235042661431
1.580100000000000 	 0.325805822333486
1.600100000000000 	 0.323340909055965
1.620100000000000 	 0.320843718030195
1.640100000000000 	 0.318317664457503
1.660100000000000 	 0.315766163539218
1.680100000000000 	 0.313192630476666
1.700100000000000 	 0.310600480471175
1.720100000000000 	 0.307993128724073
1.740100000000000 	 0.305373747770805
1.760100000000000 	 0.302743846820787
1.780100000000000 	 0.300104237614893
1.800100000000000 	 0.297455729511680
1.820100000000000 	 0.294799131869702
1.840100000000000 	 0.292135254047516
1.860100000000000 	 0.289464905403678
1.880100000000000 	 0.286788895296742
1.900100000000000 	 0.284108033085265
1.920100000000000 	 0.281423128127802
1.940100000000000 	 0.278734989782909
1.960100000000000 	 0.276044427409141
1.980100000000000 	 0.273352250365056
2.000000000000000 	 0.270672733585368


0.000100000000000 	 0.000099990000000
0.020100000000000 	 0.019699997233375
0.040100000000000 	 0.038523822870466
0.060100000000000 	 0.056594385341567
0.080100000000000 	 0.073934302655683
0.100100000000000 	 0.090565234059712
0.120100000000000 	 0.106508458881114
0.140100000000000 	 0.121785151579448
0.160100000000000 	 0.136415201241102
0.180100000000000 	 0.150417630015633
0.200100000000000 	 0.163811443813215
0.220100000000000 	 0.176615648544023
0.240100000000000 	 0.188849250118231
0.260100000000000 	 0.200531243256783
0.280100000000000 	 0.211679268783885
0.300100000000000 	 0.222308338054868
0.320100000000000 	 0.232433160315870
0.340100000000000 	 0.242068444813034
0.360100000000000 	 0.251228900792500
0.380100000000000 	 0.259929237500407
0.400100000000000 	 0.268184164182897
0.420100000000000 	 0.276008390086110
0.440100000000000 	 0.283416624456186
0.460100000000000 	 0.290423576539266
0.480100000000000 	 0.297043955581490
0.500100000000000 	 0.303292470828999
0.520100000000000 	 0.309183746057895
0.540100000000000 	 0.314729887488571
0.560100000000000 	 0.319940132760612
0.580100000000000 	 0.324823563463375
0.600100000000000 	 0.329389261186212
0.620100000000000 	 0.333646307518479
0.640100000000000 	 0.337603784049531
0.660100000000000 	 0.341270772368720
0.680100000000000 	 0.344656354065403
0.700100000000000 	 0.347769610728933
0.720100000000000 	 0.350619623948665
0.740100000000000 	 0.353215475313953
0.760100000000000 	 0.355566246414152
0.780100000000000 	 0.357681018838616
0.800100000000000 	 0.359568874176700
0.820100000000000 	 0.361238894017757
0.840100000000000 	 0.362700159951144
0.860100000000000 	 0.363961753566212
0.880100000000000 	 0.365032756452319
0.900100000000000 	 0.365922250198817
0.920100000000000 	 0.366639316395061
0.940100000000000 	 0.367193036630406
0.960100000000001 	 0.367591859843258
0.980100000000001 	 0.367840882395151
1.000100000000000 	 0.367944094324380
1.020100000000000 	 0.367905484980192
1.040100000000000 	 0.367729043711833
1.060100000000000 	 0.367418759868548
1.080100000000000 	 0.366978622799585
1.100100000000000 	 0.366412621854189
1.120100000000000 	 0.365724746381606
1.140100000000000 	 0.364918985731084
1.160100000000000 	 0.363999329251868
1.180100000000000 	 0.362969766293204
1.200100000000000 	 0.361834286204339
1.220100000000000 	 0.360596878334518
1.240100000000000 	 0.359261532032989
1.260100000000000 	 0.357832236648997
1.280100000000000 	 0.356312981531789
1.300100000000000 	 0.354707756030610
1.320100000000000 	 0.353020549494708
1.340100000000000 	 0.351255351273328
1.360100000000000 	 0.349416150715716
1.380100000000000 	 0.347506937171119
1.400100000000000 	 0.345531699988783
1.420100000000000 	 0.343494428517955
1.440100000000000 	 0.341399112107880
1.460100000000000 	 0.339249740107804
1.480100000000000 	 0.337050301866975
1.500100000000000 	 0.334804786734637
1.520100000000000 	 0.332517184060039
1.540100000000000 	 0.330191483192425
1.560100000000000 	 0.327831673481042
1.580100000000000 	 0.325441744275136
1.600100000000000 	 0.323025680368333
1.620100000000000 	 0.320586593062612
1.640100000000000 	 0.318125688272709
1.660100000000000 	 0.315643920709899
1.680100000000000 	 0.313142245085456
1.700100000000000 	 0.310621616110657
1.720100000000000 	 0.308082988496776
1.740100000000000 	 0.305527316955089
1.760100000000000 	 0.302955556196871
1.780100000000000 	 0.300368660933397
1.800100000000000 	 0.297767585875943
1.820100000000000 	 0.295153285735783
1.840100000000000 	 0.292526715224194
1.860100000000000 	 0.289888829052450
1.880100000000000 	 0.287240581931827
1.900100000000000 	 0.284582928573599
1.920100000000000 	 0.281916823689043
1.940100000000000 	 0.279243221989433
1.960100000000000 	 0.276563078186044
1.980100000000000 	 0.273877346990153
2.000100000000000 	 0.271186983113034
2.020100000000000 	 0.268492941265962
2.040100000000000 	 0.265796176160213
2.060100000000000 	 0.263097642507063
2.080100000000000 	 0.260398295017785
2.100100000000000 	 0.257699088403656
2.120100000000000 	 0.255000977375951
2.140100000000000 	 0.252304916645945
2.160100000000000 	 0.249611860924913
2.180100000000000 	 0.246922764924131
2.200100000000000 	 0.244238583354874
2.220100000000000 	 0.241560270928417
2.240100000000000 	 0.238888782356035
2.260100000000000 	 0.236225072349004
2.280100000000000 	 0.233570095618599
2.300100000000000 	 0.230924806876095
2.320100000000000 	 0.228290160832768
2.340100000000000 	 0.225667112199893
2.360100000000000 	 0.223056615688744
2.380100000000000 	 0.220459626010598
2.400100000000000 	 0.217877097876730
2.420100000000000 	 0.215309985998414
2.440100000000000 	 0.212759245086926
2.460100000000000 	 0.210225829853542
2.480100000000000 	 0.207710695009536
2.500100000000000 	 0.205214795266185
2.520100000000000 	 0.202739085334762
2.540100000000000 	 0.200284519926544
2.560100000000000 	 0.197852053752806
2.580100000000000 	 0.195442641524823
2.600100000000000 	 0.193057237953870
2.620100000000000 	 0.190696797751222
2.640100000000000 	 0.188362275628155
2.660100000000000 	 0.186054615398949
2.680100000000000 	 0.183774228906676
2.700100000000000 	 0.181520766775585
2.720100000000000 	 0.179293821029904
2.740100000000000 	 0.177092983693859
2.760100000000000 	 0.174917846791675
2.780100000000000 	 0.172768002347581
2.800100000000000 	 0.170643042385801
2.820100000000000 	 0.168542558930562
2.840100000000000 	 0.166466144006091
2.860100000000000 	 0.164413389636613
2.880100000000000 	 0.162383887846356
2.900100000000000 	 0.160377230659545
2.920100000000000 	 0.158393010100407
2.940100000000000 	 0.156430818193168
2.960100000000000 	 0.154490246962054
2.980100000000000 	 0.152570888431292
3.000100000000000 	 0.150672334625109
3.020100000000000 	 0.148794177567729
3.040100000000000 	 0.146936009283381
3.060100000000000 	 0.145097421796290
3.080100000000000 	 0.143278007130682
3.100100000000000 	 0.141477357310784
3.120100000000000 	 0.139695064360822
3.140100000000000 	 0.137930720305022
3.160100000000000 	 0.136183917167612
3.180100000000000 	 0.134454246972816
3.200100000000000 	 0.132741301744862
3.220100000000000 	 0.131044673507976
3.240100000000000 	 0.129363954286384
3.260100000000000 	 0.127698736104312
3.280100000000000 	 0.126048610985987
3.300100000000000 	 0.124413170955635
3.320100000000000 	 0.122792008037483
3.340100000000000 	 0.121184714255756
3.360100000000000 	 0.119590881634682
3.380100000000000 	 0.118010102198486
3.400100000000000 	 0.116441967971395
3.420100000000000 	 0.114886070977635
3.440100000000000 	 0.113342003241432
3.460100000000000 	 0.111809356787013
3.480100000000000 	 0.110287723638605
3.500100000000000 	 0.108776695820433
3.520100000000000 	 0.107275865356723
3.540100000000000 	 0.105784824271703
3.560100000000000 	 0.104303164589598
3.580100000000000 	 0.102830478334635
3.600100000000000 	 0.101366357531040
3.620100000000000 	 0.099910394203040
3.640100000000000 	 0.098462180374860
3.660100000000000 	 0.097021308070728
3.680100000000000 	 0.095587369314869
3.700100000000000 	 0.094159956131510
3.720100000000000 	 0.092738660544876
3.740100000000000 	 0.091323074579196
3.760100000000000 	 0.089912790258694
3.780100000000000 	 0.088507399607597
3.800100000000000 	 0.087106494650132
3.820100000000000 	 0.085709667410525
3.840100000000000 	 0.084316509913001
3.860100000000000 	 0.082926614181788
3.880100000000000 	 0.081539572241112
3.900100000000000 	 0.080154976115199
3.920100000000000 	 0.078772417828276
3.940100000000000 	 0.077391489404568
3.960100000000000 	 0.076011782868303
3.980100000000000 	 0.074632890243706
4.000000000000000 	 0.073261295653550


0.000100000000000 	 0.000099990000000
0.020100000000000 	 0.019699997312020
0.040100000000000 	 0.038523821288180
0.060100000000000 	 0.056594383009415
0.080100000000000 	 0.073934312943951
0.100100000000000 	 0.090565255656193
0.120100000000000 	 0.106508464901713
0.140100000000000 	 0.121785092347986
0.160100000000000 	 0.136415038941555
0.180100000000000 	 0.150417362063781
0.200100000000000 	 0.163811103294441
0.220100000000000 	 0.176615304213312
0.240100000000000 	 0.188849006400169
0.260100000000000 	 0.200531240020741
0.280100000000000 	 0.211679654140952
0.300100000000000 	 0.222309215525450
0.320100000000000 	 0.232434582759591
0.340100000000000 	 0.242070414428729
0.360100000000000 	 0.251231369118218
0.380100000000000 	 0.259932105413412
0.400100000000000 	 0.268187281899665
0.420100000000000 	 0.276011557162333
0.440100000000000 	 0.283419589786769
0.460100000000000 	 0.290426038358328
0.480100000000000 	 0.297045561462363
0.500100000000000 	 0.303292817684230
0.520100000000000 	 0.309182382362448
0.540100000000000 	 0.314726378765196
0.560100000000000 	 0.319934136195904
0.580100000000000 	 0.324814831966869
0.600100000000000 	 0.329377643390387
0.620100000000000 	 0.333631747778754
0.640100000000000 	 0.337586322444267
0.660100000000000 	 0.341250544699223
0.680100000000000 	 0.344633591855916
0.700100000000000 	 0.347744641226645
0.720100000000000 	 0.350592870123704
0.740100000000000 	 0.353187455859392
0.760100000000000 	 0.355537575746003
0.780100000000000 	 0.357652407095835
0.800100000000000 	 0.359541127221183
0.820100000000000 	 0.361212913434345
0.840100000000000 	 0.362676943047616
0.860100000000000 	 0.363942393373293
0.880100000000000 	 0.365018441723672
0.900100000000000 	 0.365914265411049
0.920100000000000 	 0.366639041728314
0.940100000000000 	 0.367201065656591
0.960100000000001 	 0.367605395041737
0.980100000000001 	 0.367856345520914
1.000100000000000 	 0.367958232731282
1.020100000000000 	 0.367915372310005
1.040100000000000 	 0.367732079894245
1.060100000000000 	 0.367412671121165
1.080100000000000 	 0.366961461627925
1.100100000000000 	 0.366382767051689
1.120100000000000 	 0.365680903029619
1.140100000000000 	 0.364860185198877
1.160100000000000 	 0.363924929196625
1.180100000000000 	 0.362879450660025
1.200100000000000 	 0.361728065226241
1.220100000000000 	 0.360475088532433
1.240100000000000 	 0.359124836215764
1.260100000000000 	 0.357681623913397
1.280100000000000 	 0.356149767262493
1.300100000000000 	 0.354533581900215
1.320100000000000 	 0.352837383463725
1.340100000000000 	 0.351065487590186
1.360100000000000 	 0.349222209916758
1.380100000000000 	 0.347311866080606
1.400100000000000 	 0.345338771718890
1.420100000000000 	 0.343307242468774
1.440100000000000 	 0.341221593967419
1.460100000000000 	 0.339086141851988
1.480100000000000 	 0.336905201759643
1.500100000000000 	 0.334683089327545
1.520100000000000 	 0.332424120192858
1.540100000000000 	 0.330132583673585
1.560100000000000 	 0.327811496956822
1.580100000000000 	 0.325462064215800
1.600100000000000 	 0.323085350853216
1.620100000000000 	 0.320682422271763
1.640100000000000 	 0.318254343874138
1.660100000000000 	 0.315802181063035
1.680100000000000 	 0.313326999241150
1.700100000000000 	 0.310829863811178
1.720100000000000 	 0.308311840175813
1.740100000000000 	 0.305773993737752
1.760100000000000 	 0.303217389899688
1.780100000000000 	 0.300643094064318
1.800100000000000 	 0.298052171634336
1.820100000000000 	 0.295445688012438
1.840100000000000 	 0.292824708601319
1.860100000000000 	 0.290190298803673
1.880100000000000 	 0.287543524022196
1.900100000000000 	 0.284885449659583
1.920100000000000 	 0.282217141118530
1.940100000000000 	 0.279539663801731
1.960100000000000 	 0.276854083111881
1.980100000000000 	 0.274161464451676
2.000100000000000 	 0.271462873223811
2.020100000000000 	 0.268759374830981
2.040100000000000 	 0.266052034675881
2.060100000000000 	 0.263341918161206
2.080100000000000 	 0.260630090689652
2.100100000000000 	 0.257917617663913
2.120100000000000 	 0.255205564486684
2.140100000000000 	 0.252494996560661
2.160100000000000 	 0.249786979288540
2.180100000000000 	 0.247082578073014
2.200100000000000 	 0.244382858316779
2.220100000000000 	 0.241688885422531
2.240100000000000 	 0.239001724792964
2.260100000000000 	 0.236322441830774
2.280100000000000 	 0.233652101938656
2.300100000000000 	 0.230991770519304
2.320100000000000 	 0.228342512975415
2.340100000000000 	 0.225705394709682
2.360100000000000 	 0.223081481124802
2.380100000000000 	 0.220471837623469
2.400100000000000 	 0.217877529608379
2.420100000000000 	 0.215299622482227
2.440100000000000 	 0.212739181647707
2.460100000000000 	 0.210197272507516
2.480100000000000 	 0.207674960464347
2.500100000000000 	 0.205173310888842
2.520100000000000 	 0.202693163512890
2.540100000000000 	 0.200234592489317
2.560100000000000 	 0.197797509754983
2.580100000000000 	 0.195381827246745
2.600100000000000 	 0.192987456901464
2.620100000000000 	 0.190614310655997
2.640100000000000 	 0.188262300447204
2.660100000000000 	 0.185931338211944
2.680100000000000 	 0.183621335887075
2.700100000000000 	 0.181332205409456
2.720100000000000 	 0.179063858715946
2.740100000000000 	 0.176816207743405
2.760100000000000 	 0.174589164428690
2.780100000000000 	 0.172382640708661
2.800100000000000 	 0.170196548520176
2.820100000000000 	 0.168030799800095
2.840100000000000 	 0.165885306485276
2.860100000000000 	 0.163759980512578
2.880100000000000 	 0.161654733818860
2.900100000000000 	 0.159569478340981
2.920100000000000 	 0.157504126015799
2.940100000000000 	 0.155458588780174
2.960100000000000 	 0.153432778570965
2.980100000000000 	 0.151426607325029
3.000100000000000 	 0.149439986979227
3.020100000000000 	 0.147472829470417
3.040100000000000 	 0.145525046735457
3.060100000000000 	 0.143596550711207
3.080100000000000 	 0.141687253334526
3.100100000000000 	 0.139797066542271
3.120100000000000 	 0.137925902271304
3.140100000000000 	 0.136073672458481
3.160100000000000 	 0.134240289040662
3.180100000000000 	 0.132425663954706
3.200100000000000 	 0.130629709137471
3.220100000000000 	 0.128852336525817
3.240100000000000 	 0.127093458056602
3.260100000000000 	 0.125352985666686
3.280100000000000 	 0.123630831292926
3.300100000000000 	 0.121926906872182
3.320100000000000 	 0.120241124341313
3.340100000000000 	 0.118573395637178
3.360100000000000 	 0.116923632696635
3.380100000000000 	 0.115291747456544
3.400100000000000 	 0.113677651853763
3.420100000000000 	 0.112081257825150
3.440100000000000 	 0.110502477307566
3.460100000000000 	 0.108941222237868
3.480100000000000 	 0.107397404552916
3.500100000000000 	 0.105870936189568
3.520100000000000 	 0.104361729084684
3.540100000000000 	 0.102869695175122
3.560100000000000 	 0.101394746397740
3.580100000000000 	 0.099936794689399
3.600100000000000 	 0.098495751986957
3.620100000000000 	 0.097071530227271
3.640100000000000 	 0.095664041347203
3.660100000000000 	 0.094273197283609
3.680100000000000 	 0.092898909973350
3.700100000000000 	 0.091541091353284
3.720100000000000 	 0.090199653360270
3.740100000000000 	 0.088874507931166
3.760100000000000 	 0.087565567002832
3.780100000000000 	 0.086272742512126
3.800100000000000 	 0.084995946395908
3.820100000000000 	 0.083735090591035
3.840100000000000 	 0.082490087034368
3.860100000000000 	 0.081260847662764
3.880100000000000 	 0.080047284413083
3.900100000000000 	 0.078849309222184
3.920100000000000 	 0.077666834003905
3.940100000000000 	 0.076499760680391
3.960100000000000 	 0.075347965607675
3.980100000000000 	 0.074211321110758
4.000100000000000 	 0.073089699514644
4.020100000000000 	 0.071982973144335
4.040100000000000 	 0.070891014324835
4.060100000000000 	 0.069813695381146
4.080100000000000 	 0.068750888638271
4.100100000000000 	 0.067702466421213
4.120100000000000 	 0.066668301054974
4.140100000000000 	 0.065648264864558
4.160100000000000 	 0.064642230174966
4.180100000000000 	 0.063650069311203
4.200100000000000 	 0.062671654598270
4.220100000000000 	 0.061706858361171
4.240100000000000 	 0.060755552924908
4.260100000000000 	 0.059817610614485
4.280100000000000 	 0.058892903754903
4.300100000000000 	 0.057981304671166
4.320100000000000 	 0.057082685688277
4.340100000000000 	 0.056196919131237
4.360099999999990 	 0.055323877325051
4.380099999999990 	 0.054463432594721
4.400099999999990 	 0.053615457265250
4.420099999999990 	 0.052779823661640
4.440099999999990 	 0.051956404108895
4.460099999999990 	 0.051145070932017
4.480099999999990 	 0.050345696456008
4.500099999999990 	 0.049558153005873
4.520099999999990 	 0.048782312906613
4.540099999999990 	 0.048018048483231
4.560099999999990 	 0.047265232060730
4.580099999999990 	 0.046523735964114
4.600099999999990 	 0.045793432518384
4.620099999999990 	 0.045074194048543
4.640099999999990 	 0.044365892879595
4.660099999999990 	 0.043668401336543
4.680099999999990 	 0.042981591744388
4.700099999999990 	 0.042305336428134
4.720099999999990 	 0.041639507712783
4.740099999999990 	 0.040983977923339
4.760099999999990 	 0.040338619384804
4.780099999999990 	 0.039703304422180
4.800099999999990 	 0.039077905360472
4.820099999999990 	 0.038462294524681
4.840099999999980 	 0.037856344239811
4.860099999999980 	 0.037259926830863
4.880099999999980 	 0.036672914622842
4.900099999999980 	 0.036095179940750
4.920099999999980 	 0.035526595109588
4.940099999999980 	 0.034967032454362
4.960099999999980 	 0.034416364300072
4.980099999999980 	 0.033874462971723
5.000099999999980 	 0.033341200794316
5.020099999999980 	 0.032816450092855
5.040099999999980 	 0.032300083192342
5.060099999999980 	 0.031791972417780
5.080099999999980 	 0.031291990094172
5.100099999999980 	 0.030800008546521
5.120099999999980 	 0.030315900099830
5.140099999999980 	 0.029839537079101
5.160099999999980 	 0.029370791809337
5.180099999999980 	 0.028909536615541
5.200099999999980 	 0.028455643822716
5.220099999999980 	 0.028008985755864
5.240099999999980 	 0.027569434739989
5.260099999999980 	 0.027136863100093
5.280099999999980 	 0.026711143161179
5.300099999999970 	 0.026292147248250
5.320099999999970 	 0.025879747686308
5.340099999999970 	 0.025473816800357
5.360099999999970 	 0.025074226915399
5.380099999999970 	 0.024680850356436
5.400099999999970 	 0.024293559448473
5.420099999999970 	 0.023912226516511
5.440099999999970 	 0.023536723885554
5.460099999999970 	 0.023166923880603
5.480099999999970 	 0.022802698826663
5.500099999999970 	 0.022443921048736
5.520099999999970 	 0.022090462871824
5.540099999999970 	 0.021742196620930
5.560099999999970 	 0.021398994621058
5.580099999999970 	 0.021060729197209
5.600099999999970 	 0.020727272674388
5.620099999999970 	 0.020398497377596
5.640099999999970 	 0.020074275631836
5.660099999999970 	 0.019754479762112
5.680099999999970 	 0.019438982093425
5.700099999999970 	 0.019127654950779
5.720099999999970 	 0.018820370659177
5.740099999999970 	 0.018517001543622
5.760099999999960 	 0.018217419929115
5.780099999999960 	 0.017921498140661
5.800099999999960 	 0.017629108503261
5.820099999999960 	 0.017340123341919
5.840099999999960 	 0.017054414981637
5.860099999999960 	 0.016771855747418
5.880099999999960 	 0.016492317964266
5.900099999999960 	 0.016215673957182
5.920099999999960 	 0.015941796051170
5.940099999999960 	 0.015670554408424
5.960099999999960 	 0.015401604814371
5.980099999999960 	 0.015134210000131
6.000000000000000 	 0.014868923084577


0.000100000000000 	 0.000099990000000
0.020100000000000 	 0.019699997460658
0.040100000000000 	 0.038523820606376
0.060100000000000 	 0.056594383200087
0.080100000000000 	 0.073934326610260
0.100100000000000 	 0.090565283470517
0.120100000000000 	 0.106508486446433
0.140100000000000 	 0.121785068446182
0.160100000000000 	 0.136414940711519
0.180100000000000 	 0.150417190515229
0.200100000000000 	 0.163810889695580
0.220100000000000 	 0.176615110090842
0.240100000000000 	 0.188848923539284
0.260100000000000 	 0.200531390275941
0.280100000000000 	 0.211680166544324
0.300100000000000 	 0.222310181827548
0.320100000000000 	 0.232436052321366
0.340100000000000 	 0.242072394221528
0.360100000000000 	 0.251233823723786
0.380100000000000 	 0.259934957023891
0.400100000000000 	 0.268190410317595
0.420100000000000 	 0.276014799800648
0.440100000000000 	 0.283422741668804
0.460100000000000 	 0.290428852117811
0.480100000000000 	 0.297047747343423
0.500100000000000 	 0.303294043541391
0.520100000000000 	 0.309182275578857
0.540100000000000 	 0.314724582754804
0.560100000000000 	 0.319930374783790
0.580100000000000 	 0.324808912891521
0.600100000000000 	 0.329369458303699
0.620100000000000 	 0.333621272246027
0.640100000000000 	 0.337573615944210
0.660100000000000 	 0.341235750623951
0.680100000000000 	 0.344616937510954
0.700100000000000 	 0.347726437830922
0.720100000000000 	 0.350573512809558
0.740100000000000 	 0.353167423672566
0.760100000000000 	 0.355517431645650
0.780100000000000 	 0.357632797954514
0.800100000000000 	 0.359522783824860
0.820100000000000 	 0.361196650482392
0.840100000000000 	 0.362663659152814
0.860100000000000 	 0.363933071061830
0.880100000000000 	 0.365014147435142
0.900100000000000 	 0.365916149498456
0.920100000000000 	 0.366647965846715
0.940100000000000 	 0.367215520656926
0.960100000000001 	 0.367623322384645
0.980100000000001 	 0.367875870714438
1.000100000000000 	 0.367977665330871
1.020100000000000 	 0.367933205918510
1.040100000000000 	 0.367746992161920
1.060100000000000 	 0.367423523745668
1.080100000000000 	 0.366967300354319
1.100100000000000 	 0.366382821672439
1.120100000000000 	 0.365674587384594
1.140100000000000 	 0.364847097175349
1.160100000000000 	 0.363904850729272
1.180100000000000 	 0.362852347730926
1.200100000000000 	 0.361694087864879
1.220100000000000 	 0.360434570815696
1.240100000000000 	 0.359078296267943
1.260100000000000 	 0.357629763906186
1.280100000000000 	 0.356093473414990
1.300100000000000 	 0.354473924478921
1.320100000000000 	 0.352775616782546
1.340100000000000 	 0.351003050010430
1.360100000000000 	 0.349160723847139
1.380100000000000 	 0.347253137977239
1.400100000000000 	 0.345284792085295
1.420100000000000 	 0.343260185855874
1.440100000000000 	 0.341183818973541
1.460100000000000 	 0.339060191122862
1.480100000000000 	 0.336893801988403
1.500100000000000 	 0.334689108811898
1.520100000000000 	 0.332449153947664
1.540100000000000 	 0.330175267252171
1.560100000000000 	 0.327868675936142
1.580100000000000 	 0.325530607210303
1.600100000000000 	 0.323162288285379
1.620100000000000 	 0.320764946372092
1.640100000000000 	 0.318339808681169
1.660100000000000 	 0.315888102423334
1.680100000000000 	 0.313411054809310
1.700100000000000 	 0.310909893049823
1.720100000000000 	 0.308385844355596
1.740100000000000 	 0.305840135937355
1.760100000000000 	 0.303273995005824
1.780100000000000 	 0.300688648771727
1.800100000000000 	 0.298085324445789
1.820100000000000 	 0.295465249238734
1.840100000000000 	 0.292829650361287
1.860100000000000 	 0.290179755024171
1.880100000000000 	 0.287516790438113
1.900100000000000 	 0.284841983813836
1.920100000000000 	 0.282156562362064
1.940100000000000 	 0.279461753293522
1.960100000000000 	 0.276758783818935
1.980100000000000 	 0.274048881149027
2.000100000000000 	 0.271333272494522
2.020100000000000 	 0.268613185066145
2.040100000000000 	 0.265889846074621
2.060100000000000 	 0.263164482730673
2.080100000000000 	 0.260438322245027
2.100100000000000 	 0.257712591828406
2.120100000000000 	 0.254988518691536
2.140100000000000 	 0.252267330045141
2.160100000000000 	 0.249550253099945
2.180100000000000 	 0.246838515066672
2.200100000000000 	 0.244133343156048
2.220100000000000 	 0.241435964578796
2.240100000000000 	 0.238747606545641
2.260100000000000 	 0.236069496267308
2.280100000000000 	 0.233402860954521
2.300100000000000 	 0.230748927818004
2.320100000000000 	 0.228108924068482
2.340100000000000 	 0.225484076916680
2.360100000000000 	 0.222875613573321
2.380100000000000 	 0.220284761249131
2.400100000000000 	 0.217712747154834
2.420100000000000 	 0.215160639231021
2.440100000000000 	 0.212628664155716
2.460100000000000 	 0.210116771869093
2.480100000000000 	 0.207624912144366
2.500100000000000 	 0.205153034754748
2.520100000000000 	 0.202701089473450
2.540100000000000 	 0.200269026073685
2.560100000000000 	 0.197856794328666
2.580100000000000 	 0.195464344011604
2.600100000000000 	 0.193091624895712
2.620100000000000 	 0.190738586754204
2.640100000000000 	 0.188405179360290
2.660100000000000 	 0.186091352487184
2.680100000000000 	 0.183797055908098
2.700100000000000 	 0.181522239396244
2.720100000000000 	 0.179266852724834
2.740100000000000 	 0.177030845667082
2.760100000000000 	 0.174814167996199
2.780100000000000 	 0.172616769485399
2.800100000000000 	 0.170438599907892
2.820100000000000 	 0.168279609036892
2.840100000000000 	 0.166139746645612
2.860100000000000 	 0.164018962507263
2.880100000000000 	 0.161917206395058
2.900100000000000 	 0.159834428082209
2.920100000000000 	 0.157770577341929
2.940100000000000 	 0.155725603947431
2.960100000000000 	 0.153699457671926
2.980100000000000 	 0.151692088288627
3.000100000000000 	 0.149703445570746
3.020100000000000 	 0.147733479291496
3.040100000000000 	 0.145782139224090
3.060100000000000 	 0.143849375141739
3.080100000000000 	 0.141935136817656
3.100100000000000 	 0.140039374025054
3.120100000000000 	 0.138162036537145
3.140100000000000 	 0.136303074127140
3.160100000000000 	 0.134462436568254
3.180100000000000 	 0.132640073633698
3.200100000000000 	 0.130835935096684
3.220100000000000 	 0.129049970730425
3.240100000000000 	 0.127282130308133
3.260100000000000 	 0.125532363603021
3.280100000000000 	 0.123800620388302
3.300100000000000 	 0.122086850437187
3.320100000000000 	 0.120391003522889
3.340100000000000 	 0.118713029418620
3.360100000000000 	 0.117052877897593
3.380100000000000 	 0.115410498733020
3.400100000000000 	 0.113785841698114
3.420100000000000 	 0.112178856566087
3.440100000000000 	 0.110589493110151
3.460100000000000 	 0.109017701103519
3.480100000000000 	 0.107463430319404
3.500100000000000 	 0.105926630531017
3.520100000000000 	 0.104407251511571
3.540100000000000 	 0.102905243034278
3.560100000000000 	 0.101420554872352
3.580100000000000 	 0.099953136799003
3.600100000000000 	 0.098502938587446
3.620100000000000 	 0.097069910010891
3.640100000000000 	 0.095654000842552
3.660100000000000 	 0.094255160855641
3.680100000000000 	 0.092873339823371
3.700100000000000 	 0.091508487518953
3.720100000000000 	 0.090160553715600
3.740100000000000 	 0.088829488186525
3.760100000000000 	 0.087515240704939
3.780100000000000 	 0.086217756603107
3.800100000000000 	 0.084936931814999
3.820100000000000 	 0.083672631431604
3.840100000000000 	 0.082424720074090
3.860100000000000 	 0.081193062363624
3.880100000000000 	 0.079977522921373
3.900100000000000 	 0.078777966368505
3.920100000000000 	 0.077594257326186
3.940100000000000 	 0.076426260415583
3.960100000000000 	 0.075273840257865
3.980100000000000 	 0.074136861474198
4.000100000000000 	 0.073015188685749
4.020100000000000 	 0.071908686513685
4.040100000000000 	 0.070817219579174
4.060100000000000 	 0.069740652503383
4.080100000000000 	 0.068678849907479
4.100100000000000 	 0.067631676412629
4.120100000000000 	 0.066598996640001
4.140100000000000 	 0.065580675210761
4.160100000000000 	 0.064576576746077
4.180100000000000 	 0.063586565867117
4.200100000000000 	 0.062610507195046
4.220100000000000 	 0.061648265351033
4.240100000000000 	 0.060699704956244
4.260100000000000 	 0.059764690631847
4.280100000000000 	 0.058843086999009
4.300100000000000 	 0.057934758678898
4.320100000000000 	 0.057039570292679
4.340100000000000 	 0.056157386461521
4.360099999999990 	 0.055288071806591
4.380099999999990 	 0.054431490949056
4.400099999999990 	 0.053587508510083
4.420099999999990 	 0.052755989110839
4.440099999999990 	 0.051936797372492
4.460099999999990 	 0.051129797916208
4.480099999999990 	 0.050334855363155
4.500099999999990 	 0.049551834334501
4.520099999999990 	 0.048780599451411
4.540099999999990 	 0.048021015335054
4.560099999999990 	 0.047272946606597
4.580099999999990 	 0.046536257887207
4.600099999999990 	 0.045810813798050
4.620099999999990 	 0.045096478960295
4.640099999999990 	 0.044393117995108
4.660099999999990 	 0.043700595523657
4.680099999999990 	 0.043018776167109
4.700099999999990 	 0.042347524546630
4.720099999999990 	 0.041686705283389
4.740099999999990 	 0.041036182998552
4.760099999999990 	 0.040395822313287
4.780099999999990 	 0.039765487848760
4.800099999999990 	 0.039145044226140
4.820099999999990 	 0.038534356066592
4.840099999999980 	 0.037933287991285
4.860099999999980 	 0.037341704621385
4.880099999999980 	 0.036759470578060
4.900099999999980 	 0.036186450482477
4.920099999999980 	 0.035622508955804
4.940099999999980 	 0.035067510619206
4.960099999999980 	 0.034521320093852
4.980099999999980 	 0.033983802000908
5.000099999999980 	 0.033454820961543
5.020099999999980 	 0.032934241596922
5.040099999999980 	 0.032421928528214
5.060099999999980 	 0.031917746376585
5.080099999999980 	 0.031421559763202
5.100099999999980 	 0.030933233309234
5.120099999999980 	 0.030452631635846
5.140099999999980 	 0.029979619364207
5.160099999999980 	 0.029514061115483
5.180099999999980 	 0.029055821510842
5.200099999999980 	 0.028604765171451
5.220099999999980 	 0.028160756718476
5.240099999999980 	 0.027723660773086
5.260099999999980 	 0.027293341956446
5.280099999999980 	 0.026869664889726
5.300099999999970 	 0.026452494194091
5.320099999999970 	 0.026041694490709
5.340099999999970 	 0.025637130400748
5.360099999999970 	 0.025238666545373
5.380099999999970 	 0.024846167545753
5.400099999999970 	 0.024459498023055
5.420099999999970 	 0.024078522598445
5.440099999999970 	 0.023703105893092
5.460099999999970 	 0.023333112528162
5.480099999999970 	 0.022968407124822
5.500099999999970 	 0.022608854304240
5.520099999999970 	 0.022254318687583
5.540099999999970 	 0.021904664896018
5.560099999999970 	 0.021559757592314
5.580099999999970 	 0.021219485123172
5.600099999999970 	 0.020883799066337
5.620099999999970 	 0.020552661438292
5.640099999999970 	 0.020226034255516
5.660099999999970 	 0.019903879534493
5.680099999999970 	 0.019586159291703
5.700099999999970 	 0.019272835543628
5.720099999999970 	 0.018963870306749
5.740099999999970 	 0.018659225597548
5.760099999999960 	 0.018358863432507
5.780099999999960 	 0.018062745828106
5.800099999999960 	 0.017770834800827
5.820099999999960 	 0.017483092367153
5.840099999999960 	 0.017199480543563
5.860099999999960 	 0.016919961346541
5.880099999999960 	 0.016644496792566
5.900099999999960 	 0.016373048898122
5.920099999999960 	 0.016105579679689
5.940099999999960 	 0.015842051153748
5.960099999999960 	 0.015582425336782
5.980099999999960 	 0.015326664245272
6.000099999999960 	 0.015074729895699
6.020099999999960 	 0.014826584304545
6.040099999999960 	 0.014582189488291
6.060099999999960 	 0.014341507463418
6.080099999999960 	 0.014104500246409
6.100099999999960 	 0.013871129853745
6.120099999999960 	 0.013641358301907
6.140099999999960 	 0.013415147607376
6.160099999999960 	 0.013192459786635
6.180099999999960 	 0.012973256856165
6.200099999999960 	 0.012757500832447
6.220099999999960 	 0.012545153731962
6.240099999999950 	 0.012336177571193
6.260099999999950 	 0.012130534366620
6.280099999999950 	 0.011928186134726
6.300099999999950 	 0.011729094891991
6.320099999999950 	 0.011533222654897
6.340099999999950 	 0.011340531439926
6.360099999999950 	 0.011150983263560
6.380099999999950 	 0.010964540142278
6.400099999999950 	 0.010781164092564
6.420099999999950 	 0.010600817130899
6.440099999999950 	 0.010423461273764
6.460099999999950 	 0.010249058537640
6.480099999999950 	 0.010077570939010
6.500099999999950 	 0.009908960494354
6.520099999999950 	 0.009743189220155
6.540099999999950 	 0.009580219132892
6.560099999999950 	 0.009420012249049
6.580099999999950 	 0.009262530585107
6.600099999999950 	 0.009107736157547
6.620099999999950 	 0.008955590982850
6.640099999999950 	 0.008806057077499
6.660099999999950 	 0.008659096457974
6.680099999999950 	 0.008514671140757
6.700099999999940 	 0.008372743142329
6.720099999999940 	 0.008233274479173
6.740099999999940 	 0.008096227167769
6.760099999999940 	 0.007961563224599
6.780099999999940 	 0.007829244666145
6.800099999999940 	 0.007699233508888
6.820099999999940 	 0.007571491769310
6.840099999999940 	 0.007445981463891
6.860099999999940 	 0.007322664609114
6.880099999999940 	 0.007201503221460
6.900099999999940 	 0.007082459317410
6.920099999999940 	 0.006965494913447
6.940099999999940 	 0.006850572026051
6.960099999999940 	 0.006737652671704
6.980099999999940 	 0.006626698866887
7.000099999999940 	 0.006517672628083
7.020099999999940 	 0.006410535971771
7.040099999999940 	 0.006305250914435
7.060099999999940 	 0.006201779472556
7.080099999999940 	 0.006100083662614
7.100099999999940 	 0.006000125501092
7.120099999999940 	 0.005901867004470
7.140099999999940 	 0.005805270189231
7.160099999999940 	 0.005710297071857
7.180099999999930 	 0.005616909668827
7.200099999999930 	 0.005525069996624
7.220099999999930 	 0.005434740071730
7.240099999999930 	 0.005345881910626
7.260099999999930 	 0.005258457529793
7.280099999999930 	 0.005172428945713
7.300099999999930 	 0.005087758174868
7.320099999999930 	 0.005004407233738
7.340099999999930 	 0.004922338138806
7.360099999999930 	 0.004841512906552
7.380099999999930 	 0.004761893553459
7.400099999999930 	 0.004683442096008
7.420099999999930 	 0.004606120550680
7.440099999999930 	 0.004529890933957
7.460099999999930 	 0.004454715262321
7.480099999999930 	 0.004380555552252
7.500099999999930 	 0.004307373820232
7.520099999999930 	 0.004235132082744
7.540099999999930 	 0.004163792356267
7.560099999999930 	 0.004093316657285
7.580099999999930 	 0.004023667002278
7.600099999999930 	 0.003954805409035
7.620099999999930 	 0.003886694043675
7.640099999999920 	 0.003819295355220
7.660099999999920 	 0.003752571824485
7.680099999999920 	 0.003686485932287
7.700099999999920 	 0.003621000159441
7.720099999999920 	 0.003556076986763
7.740099999999920 	 0.003491678895069
7.760099999999920 	 0.003427768365174
7.780099999999920 	 0.003364307877895
7.800099999999920 	 0.003301259914046
7.820099999999920 	 0.003238586954444
7.840099999999920 	 0.003176251479904
7.860099999999920 	 0.003114215971242
7.880099999999920 	 0.003052442909274
7.900099999999920 	 0.002990894774816
7.920099999999920 	 0.002929534048683
7.940099999999920 	 0.002868323211692
7.960099999999920 	 0.002807224744657
7.980099999999920 	 0.002746201128395
8.000000000000000 	 0.002685519744345


