0	4	0.0000
0.02	4.0204	0.0802
0.04	4.0416	0.1608
0.06	4.0636	0.2419
0.08	4.0864	0.3234
0.1	4.11	0.4053
0.12	4.1344	0.4878
0.14	4.1596	0.5707
0.16	4.1856	0.6542
0.18	4.2124	0.7381
0.2	4.24	0.8227
0.22	4.2684	0.9077
0.24	4.2976	0.9934
0.26	4.3276	1.0797
0.28	4.3584	1.1665
0.3	4.39	1.2540
0.32	4.4224	1.3421
0.34	4.4556	1.4309
0.36	4.4896	1.5204
0.38	4.5244	1.6105
0.4	4.56	1.7013
0.42	4.5964	1.7929
0.44	4.6336	1.8852
0.46	4.6716	1.9782
0.48	4.7104	2.0721
0.5	4.75	2.1667
0.52	4.7904	2.2621
0.54	4.8316	2.3583
0.56	4.8736	2.4553
0.58	4.9164	2.5532
0.6	4.96	2.6520
0.62	5.0044	2.7516
0.64	5.0496	2.8522
0.66	5.0956	2.9536
0.68	5.1424	3.0560
0.7	5.19	3.1593
0.72	5.2384	3.2636
0.74	5.2876	3.3689
0.76	5.3376	3.4751
0.78	5.3884	3.5824
0.8	5.44	3.6907
0.82	5.4924	3.8000
0.84	5.5456	3.9104
0.86	5.5996	4.0218
0.88	5.6544	4.1344
0.9	5.71	4.2480
0.92	5.7664	4.3628
0.940000000000001	5.8236	4.4787
0.960000000000001	5.8816	4.5957
0.980000000000001	5.9404	4.7139
1	6	4.8333
1.02	6.0604	4.9539
1.04	6.1216	5.0758
1.06	6.1836	5.1988
1.08	6.2464	5.3231
1.1	6.31	5.4487
1.12	6.3744	5.5755
1.14	6.4396	5.7036
1.16	6.5056	5.8331
1.18	6.5724	5.9639
1.2	6.64	6.0960
1.22	6.7084	6.2295
1.24	6.7776	6.3643
1.26	6.8476	6.5006
1.28	6.9184	6.6383
1.3	6.99	6.7773
1.32	7.0624	6.9179
1.34	7.1356	7.0598
1.36	7.2096	7.2033
1.38	7.2844	7.3482
1.4	7.36	7.4947
1.42	7.4364	7.6426
1.44	7.5136	7.7921
1.46	7.5916	7.9432
1.48	7.6704	8.0958
1.5	7.75	8.2500
1.52	7.8304	8.4058
1.54	7.9116	8.5632
1.56	7.9936	8.7223
1.58	8.0764	8.8830
1.6	8.16	9.0453
1.62	8.2444	9.2094
1.64	8.3296	9.3751
1.66	8.4156	9.5426
1.68	8.50240000000001	9.7117
1.7	8.59000000000001	9.8827
1.72	8.67840000000001	10.0553
1.74	8.76760000000001	10.2298
1.76	8.85760000000001	10.4061
1.78	8.9484	10.5841
1.8	9.04000000000001	10.7640
1.82	9.13240000000001	10.9457
1.84	9.22560000000001	11.1293
1.86	9.3196	11.3148
1.88	9.41440000000001	11.5021
1.9	9.51000000000001	11.6913
1.92	9.60640000000001	11.8825
1.94	9.70360000000001	12.0756
1.96	9.80160000000001	12.2706
1.98	9.90040000000001	12.4677
2	10	12.6667
2.02	10.1004	12.8677
2.04	10.2016	13.0707
2.06	10.3036	13.2757
2.08	10.4064	13.4828
2.1	10.51	13.6920
2.12	10.6144	13.9032
2.14	10.7196	14.1166
2.16	10.8256	14.3320
2.18	10.9324	14.5496
2.2	11.04	14.7693
2.22	11.1484	14.9912
2.24	11.2576	15.2153
2.26	11.3676	15.4415
2.28	11.4784	15.6700
2.3	11.59	15.9007
2.32	11.7024	16.1336
2.34	11.8156	16.3688
2.36	11.9296	16.6062
2.38	12.0444	16.8460
2.4	12.16	17.0880
2.42	12.2764	17.3324
2.44	12.3936	17.5791
2.46	12.5116	17.8281
2.48	12.6304	18.0795
2.5	12.75	18.3333
2.52	12.8704	18.5895
2.54	12.9916	18.8482
2.56	13.1136	19.1092
2.58	13.2364	19.3727
2.6	13.36	19.6387
2.62	13.4844	19.9071
2.64	13.6096	20.1780
2.66	13.7356	20.4515
2.68	13.8624	20.7275
2.7	13.99	21.0060
2.72	14.1184	21.2871
2.74	14.2476	21.5707
2.76	14.3776	21.8570
2.78	14.5084	22.1459
2.8	14.64	22.4373
2.82	14.7724	22.7315
2.84	14.9056	23.0282
2.86	15.0396	23.3277
2.88	15.1744	23.6298
2.9	15.31	23.9347
2.92	15.4464	24.2422
2.94	15.5836	24.5525
2.96	15.7216	24.8656
2.98	15.8604	25.1814
3	16	25.5000
3.02	16.1404	25.8214
3.04	16.2816	26.1456
3.06	16.4236	26.4727
3.08	16.5664	26.8026
3.1	16.71	27.1353
3.12	16.8544	27.4710
3.14	16.9996	27.8095
3.16	17.1456	28.1510
3.18	17.2924	28.4953
3.2	17.44	28.8427
3.22	17.5884	29.1929
3.24	17.7376	29.5462
3.26	17.8876	29.9025
3.28	18.0384	30.2617
3.3	18.19	30.6240
3.32	18.3424	30.9893
3.34	18.4956	31.3577
3.36	18.6496	31.7292
3.38	18.8044	32.1037
3.4	18.96	32.4813
3.42	19.1164	32.8621
3.44	19.2736	33.2460
3.46	19.4316	33.6330
3.48	19.5904	34.0233
3.5	19.75	34.4167
3.52	19.9104	34.8133
3.54	20.0716	35.2131
3.56	20.2336	35.6161
3.58	20.3964	36.0224
3.6	20.56	36.4320
3.62	20.7244	36.8448
3.64	20.8896	37.2610
3.66	21.0556	37.6804
3.68	21.2224	38.1032
3.7	21.39	38.5293
3.72	21.5584	38.9588
3.74	21.7276	39.3917
3.76	21.8976	39.8279
3.78	22.0684	40.2676
3.8	22.24	40.7107
3.82	22.4124	41.1572
3.84	22.5856	41.6072
3.86	22.7596	42.0606
3.88	22.9344	42.5176
3.9	23.11	42.9780
3.92	23.2864	43.4420
3.94	23.4636	43.9095
3.96	23.6416	44.3805
3.98	23.8204	44.8551
4	24	45.3333
4.02	24.1804	45.8151
4.04	24.3616	46.3006
4.06	24.5436	46.7896
4.08	24.7264	47.2823
4.1	24.91	47.7787
4.12	25.0944	48.2787
4.14	25.2796	48.7824
4.16	25.4656	49.2899
4.18	25.6524	49.8011
4.2	25.84	50.3160
4.22	26.0284	50.8347
4.24	26.2176	51.3571
4.26	26.4076	51.8834
4.28	26.5984	52.4135
4.3	26.79	52.9473
4.32	26.9824	53.4851
4.34	27.1756	54.0266
4.36	27.3696	54.5721
4.37999999999999	27.5643999999999	55.1214
4.39999999999999	27.7599999999999	55.6747
4.41999999999999	27.9563999999999	56.2318
4.43999999999999	28.1535999999999	56.7929
4.45999999999999	28.3515999999999	57.3580
4.47999999999999	28.5503999999999	57.9270
4.49999999999999	28.7499999999999	58.5000
4.51999999999999	28.9503999999999	59.0770
4.53999999999999	29.1515999999999	59.6580
4.55999999999999	29.3535999999999	60.2431
4.57999999999999	29.5563999999999	60.8322
4.59999999999999	29.7599999999999	61.4253
4.61999999999999	29.9643999999999	62.0226
4.63999999999999	30.1695999999999	62.6239
4.65999999999999	30.3755999999999	63.2294
4.67999999999999	30.5823999999999	63.8389
4.69999999999999	30.7899999999999	64.4527
4.71999999999999	30.9983999999999	65.0705
4.73999999999999	31.2075999999999	65.6926
4.75999999999999	31.4175999999999	66.3189
4.77999999999999	31.6283999999999	66.9493
4.79999999999999	31.8399999999998	67.5840
4.81999999999999	32.0523999999998	68.2229
4.83999999999998	32.2655999999998	68.8661
4.85999999999998	32.4795999999998	69.5136
4.87999999999998	32.6943999999998	70.1653
4.89999999999998	32.9099999999998	70.8213
4.91999999999998	33.1263999999998	71.4817
4.93999999999998	33.3435999999998	72.1464
4.95999999999998	33.5615999999998	72.8154
4.97999999999998	33.7803999999998	73.4889
4.99999999999998	33.9999999999998	74.1667
5.01999999999998	34.2203999999998	74.8489
5.03999999999998	34.4415999999998	75.5355
5.05999999999998	34.6635999999998	76.2265
5.07999999999998	34.8863999999998	76.9220
5.09999999999998	35.1099999999998	77.6220
5.11999999999998	35.3343999999998	78.3264
5.13999999999998	35.5595999999998	79.0354
5.15999999999998	35.7855999999997	79.7488
5.17999999999998	36.0123999999997	80.4668
5.19999999999998	36.2399999999997	81.1893
5.21999999999998	36.4683999999997	81.9164
5.23999999999998	36.6975999999997	82.6481
5.25999999999998	36.9275999999997	83.3843
5.27999999999998	37.1583999999997	84.1252
5.29999999999998	37.3899999999997	84.8707
5.31999999999997	37.6223999999997	85.6208
5.33999999999997	37.8555999999997	86.3756
5.35999999999997	38.0895999999997	87.1350
5.37999999999997	38.3243999999997	87.8992
5.39999999999997	38.5599999999997	88.6680
5.41999999999997	38.7963999999997	89.4416
5.43999999999997	39.0335999999997	90.2199
5.45999999999997	39.2715999999997	91.0029
5.47999999999997	39.5103999999997	91.7907
5.49999999999997	39.7499999999996	92.5833
5.51999999999997	39.9903999999996	93.3807
5.53999999999997	40.2315999999996	94.1830
5.55999999999997	40.4735999999996	94.9900
5.57999999999997	40.7163999999996	95.8019
5.59999999999997	40.9599999999996	96.6187
5.61999999999997	41.2043999999996	97.4403
5.63999999999997	41.4495999999996	98.2668
5.65999999999997	41.6955999999996	99.0983
5.67999999999997	41.9423999999996	99.9347
5.69999999999997	42.1899999999996	100.7760
5.71999999999997	42.4383999999996	101.6223
5.73999999999997	42.6875999999996	102.4735
5.75999999999997	42.9375999999996	103.3298
5.77999999999996	43.1883999999996	104.1911
5.79999999999996	43.4399999999996	105.0573
5.81999999999996	43.6923999999995	105.9287
5.83999999999996	43.9455999999995	106.8050
5.85999999999996	44.1995999999995	107.6865
5.87999999999996	44.4543999999995	108.5730
5.89999999999996	44.7099999999995	109.4647
5.91999999999996	44.9663999999995	110.3614
5.93999999999996	45.2235999999995	111.2633
5.95999999999996	45.4815999999995	112.1704
5.97999999999996	45.7403999999995	113.0826
5.99999999999996	45.9999999999995	114.0000
6.01999999999996	46.2603999999995	114.9226
6.03999999999996	46.5215999999995	115.8504
6.05999999999996	46.7835999999995	116.7835
6.07999999999996	47.0463999999995	117.7218
6.09999999999996	47.3099999999994	118.6653
6.11999999999996	47.5743999999994	119.6142
6.13999999999996	47.8395999999994	120.5683
6.15999999999996	48.1055999999994	121.5278
6.17999999999996	48.3723999999994	122.4925
6.19999999999996	48.6399999999994	123.4627
6.21999999999996	48.9083999999994	124.4381
6.23999999999995	49.1775999999994	125.4190
6.25999999999995	49.4475999999994	126.4053
6.27999999999995	49.7183999999994	127.3969
6.29999999999995	49.9899999999994	128.3940
6.31999999999995	50.2623999999994	129.3965
6.33999999999995	50.5355999999994	130.4045
6.35999999999995	50.8095999999993	131.4180
6.37999999999995	51.0843999999993	132.4369
6.39999999999995	51.3599999999993	133.4613
6.41999999999995	51.6363999999993	134.4913
6.43999999999995	51.9135999999993	135.5268
6.45999999999995	52.1915999999993	136.5678
6.47999999999995	52.4703999999993	137.6145
6.49999999999995	52.7499999999993	138.6667
6.51999999999995	53.0303999999993	139.7245
6.53999999999995	53.3115999999993	140.7879
6.55999999999995	53.5935999999993	141.8569
6.57999999999995	53.8763999999993	142.9316
6.59999999999995	54.1599999999993	144.0120
6.61999999999995	54.4443999999992	145.0980
6.63999999999995	54.7295999999992	146.1898
6.65999999999995	55.0155999999992	147.2872
6.67999999999995	55.3023999999992	148.3904
6.69999999999995	55.5899999999992	149.4993
6.71999999999994	55.8783999999992	150.6140
6.73999999999994	56.1675999999992	151.7345
6.75999999999994	56.4575999999992	152.8607
6.77999999999994	56.7483999999992	153.9928
6.79999999999994	57.0399999999992	155.1307
6.81999999999994	57.3323999999992	156.2744
6.83999999999994	57.6255999999991	157.4240
6.85999999999994	57.9195999999991	158.5794
6.87999999999994	58.2143999999991	159.7408
6.89999999999994	58.5099999999991	160.9080
6.91999999999994	58.8063999999991	162.0812
6.93999999999994	59.1035999999991	163.2603
6.95999999999994	59.4015999999991	164.4453
6.97999999999994	59.7003999999991	165.6363
6.99999999999994	59.9999999999991	166.8333
7.01999999999994	60.3003999999991	168.0363
7.03999999999994	60.6015999999991	169.2454
7.05999999999994	60.9035999999991	170.4604
7.07999999999994	61.206399999999	171.6815
7.09999999999994	61.509999999999	172.9087
7.11999999999994	61.814399999999	174.1419
7.13999999999994	62.119599999999	175.3812
7.15999999999994	62.425599999999	176.6267
7.17999999999993	62.732399999999	177.8783
7.19999999999993	63.039999999999	179.1360
7.21999999999993	63.348399999999	180.3999
7.23999999999993	63.657599999999	181.6699
7.25999999999993	63.967599999999	182.9462
7.27999999999993	64.278399999999	184.2287
7.29999999999993	64.589999999999	185.5173
7.31999999999993	64.9023999999989	186.8123
7.33999999999993	65.2155999999989	188.1134
7.35999999999993	65.5295999999989	189.4209
7.37999999999993	65.8443999999989	190.7346
7.39999999999993	66.1599999999989	192.0547
7.41999999999993	66.4763999999989	193.3810
7.43999999999993	66.7935999999989	194.7137
7.45999999999993	67.1115999999989	196.0528
7.47999999999993	67.4303999999989	197.3982
7.49999999999993	67.7499999999988	198.7500
7.51999999999993	68.0703999999988	200.1082
7.53999999999993	68.3915999999988	201.4728
7.55999999999993	68.7135999999988	202.8439
7.57999999999993	69.0363999999988	204.2214
7.59999999999993	69.3599999999988	205.6053
7.61999999999993	69.6843999999988	206.9958
7.63999999999993	70.0095999999988	208.3927
7.65999999999992	70.3355999999988	209.7962
7.67999999999992	70.6623999999988	211.2061
7.69999999999992	70.9899999999987	212.6227
7.71999999999992	71.3183999999987	214.0457
7.73999999999992	71.6475999999987	215.4754
7.75999999999992	71.9775999999987	216.9117
7.77999999999992	72.3083999999987	218.3545
7.79999999999992	72.6399999999987	219.8040
7.81999999999992	72.9723999999987	221.2601
7.83999999999992	73.3055999999987	222.7229
7.85999999999992	73.6395999999987	224.1924
7.87999999999992	73.9743999999987	225.6685
7.89999999999992	74.3099999999987	227.1513
7.91999999999992	74.6463999999986	228.6409
7.93999999999992	74.9835999999986	230.1372
7.95999999999992	75.3215999999986	231.6402
7.97999999999992	75.6603999999986	233.1501
7.99999999999992	75.9999999999986	234.6667
8.01999999999992	76.3403999999986	236.1901
8.03999999999992	76.6815999999986	237.7203
8.05999999999992	77.0235999999986	239.2573
8.07999999999992	77.3663999999986	240.8012
8.09999999999992	77.7099999999986	242.3520
8.11999999999992	78.0543999999986	243.9096
8.13999999999992	78.3995999999985	245.4742
8.15999999999991	78.7455999999985	247.0456
8.17999999999991	79.0923999999985	248.6240
8.19999999999991	79.4399999999985	250.2093
8.21999999999991	79.7883999999985	251.8016
8.23999999999991	80.1375999999985	253.4009
8.25999999999991	80.4875999999985	255.0071
8.27999999999991	80.8383999999985	256.6204
8.29999999999991	81.1899999999984	258.2407
8.31999999999991	81.5423999999984	259.8680
8.33999999999991	81.8955999999984	261.5024
8.35999999999991	82.2495999999984	263.1438
8.37999999999991	82.6043999999984	264.7924
8.39999999999991	82.9599999999984	266.4480
8.41999999999991	83.3163999999984	268.1108
8.43999999999991	83.6735999999984	269.7807
8.45999999999991	84.0315999999984	271.4577
8.47999999999991	84.3903999999984	273.1419
8.49999999999991	84.7499999999984	274.8333
8.51999999999991	85.1103999999983	276.5319
8.53999999999991	85.4715999999983	278.2378
8.55999999999991	85.8335999999983	279.9508
8.57999999999991	86.1963999999983	281.6711
8.59999999999991	86.5599999999983	283.3987
8.61999999999991	86.9243999999983	285.1335
8.6399999999999	87.2895999999983	286.8756
8.6599999999999	87.6555999999983	288.6251
8.6799999999999	88.0223999999982	290.3819
8.6999999999999	88.3899999999982	292.1460
8.7199999999999	88.7583999999982	293.9175
8.7399999999999	89.1275999999982	295.6963
8.7599999999999	89.4975999999982	297.4826
8.7799999999999	89.8683999999982	299.2763
8.7999999999999	90.2399999999982	301.0773
8.8199999999999	90.6123999999982	302.8859
8.8399999999999	90.9855999999981	304.7018
8.8599999999999	91.3595999999981	306.5253
8.8799999999999	91.7343999999981	308.3562
8.8999999999999	92.1099999999981	310.1947
8.9199999999999	92.4863999999981	312.0406
8.9399999999999	92.8635999999981	313.8941
8.9599999999999	93.2415999999981	315.7552
8.9799999999999	93.6203999999981	317.6238
8.9999999999999	93.9999999999981	319.5000
