0.0000	  1.0000	  0.0000	 27.0000
0.0200	  1.5404	  0.0254	 27.0350
0.0400	  2.0813	  0.0616	 27.0600
0.0600	  2.6227	  0.1087	 27.0750
0.0800	  3.1643	  0.1665	 27.0800
0.1000	  3.7058	  0.2352	 27.0751
0.1200	  4.2472	  0.3148	 27.0602
0.1400	  4.7882	  0.4051	 27.0354
0.1600	  5.3286	  0.5063	 27.0007
0.1800	  5.8681	  0.6183	 26.9561
0.2000	  6.4067	  0.7410	 26.9017
0.2200	  6.9441	  0.8745	 26.8374
0.2400	  7.4802	  1.0188	 26.7634
0.2600	  8.0146	  1.1737	 26.6797
0.2800	  8.5473	  1.3393	 26.5864
0.3000	  9.0780	  1.5156	 26.4834
0.3200	  9.6066	  1.7024	 26.3709
0.3400	 10.1328	  1.8998	 26.2489
0.3600	 10.6565	  2.1077	 26.1174
0.3800	 11.1774	  2.3261	 25.9766
0.4000	 11.6955	  2.5548	 25.8265
0.4200	 12.2104	  2.7939	 25.6672
0.4400	 12.7221	  3.0432	 25.4988
0.4600	 13.2303	  3.3027	 25.3213
0.4800	 13.7349	  3.5724	 25.1349
0.5000	 14.2356	  3.8521	 24.9396
0.5200	 14.7324	  4.1418	 24.7355
0.5400	 15.2250	  4.4414	 24.5227
0.5600	 15.7133	  4.7508	 24.3014
0.5800	 16.1970	  5.0699	 24.0716
0.6000	 16.6761	  5.3986	 23.8334
0.6200	 17.1503	  5.7369	 23.5870
0.6400	 17.6195	  6.0846	 23.3324
0.6600	 18.0835	  6.4416	 23.0698
0.6800	 18.5422	  6.8079	 22.7993
0.7000	 18.9954	  7.1833	 22.5211
0.7200	 19.4430	  7.5677	 22.2351
0.7400	 19.8848	  7.9610	 21.9417
0.7600	 20.3206	  8.3630	 21.6409
0.7800	 20.7504	  8.7737	 21.3328
0.8000	 21.1739	  9.1930	 21.0177
0.8200	 21.5910	  9.6207	 20.6955
0.8400	 22.0017	 10.0566	 20.3666
0.8600	 22.4057	 10.5007	 20.0309
0.8800	 22.8029	 10.9528	 19.6888
0.9000	 23.1932	 11.4128	 19.3402
0.9200	 23.5764	 11.8805	 18.9855
0.9400	 23.9526	 12.3558	 18.6247
0.9600	 24.3214	 12.8385	 18.2580
0.9800	 24.6828	 13.3286	 17.8856
1.0000	 25.0368	 13.8258	 17.5076
1.0200	 25.3831	 14.3300	 17.1241
1.0400	 25.7217	 14.8410	 16.7355
1.0600	 26.0525	 15.3588	 16.3418
1.0800	 26.3753	 15.8831	 15.9432
1.1000	 26.6902	 16.4138	 15.5399
1.1200	 26.9969	 16.9506	 15.1321
1.1400	 27.2954	 17.4936	 14.7199
1.1600	 27.5857	 18.0424	 14.3035
1.1800	 27.8676	 18.5970	 13.8831
1.2000	 28.1410	 19.1571	 13.4589
1.2200	 28.4059	 19.7225	 13.0311
1.2400	 28.6622	 20.2932	 12.5999
1.2600	 28.9099	 20.8690	 12.1654
1.2800	 29.1488	 21.4496	 11.7279
1.3000	 29.3790	 22.0349	 11.2875
1.3200	 29.6003	 22.6247	 10.8444
1.3400	 29.8127	 23.2188	 10.3988
1.3600	 30.0162	 23.8171	  9.9510
1.3800	 30.2107	 24.4194	  9.5010
1.4000	 30.3962	 25.0255	  9.0492
1.4200	 30.5727	 25.6352	  8.5956
1.4400	 30.7401	 26.2483	  8.1406
1.4600	 30.8983	 26.8647	  7.6842
1.4800	 31.0474	 27.4842	  7.2268
1.5000	 31.1874	 28.1066	  6.7684
1.5200	 31.3182	 28.7316	  6.3094
1.5400	 31.4397	 29.3592	  5.8498
1.5600	 31.5521	 29.9892	  5.3899
1.5800	 31.6553	 30.6213	  4.9299
1.6000	 31.7493	 31.2553	  4.4700
1.6200	 31.8341	 31.8912	  4.0104
1.6400	 31.9098	 32.5286	  3.5513
1.6600	 31.9762	 33.1675	  3.0929
1.6800	 32.0335	 33.8076	  2.6353
1.7000	 32.0816	 34.4488	  2.1789
1.7200	 32.1206	 35.0908	  1.7237
1.7400	 32.1506	 35.7335	  1.2701
1.7600	 32.1715	 36.3768	  0.8181
1.7800	 32.1833	 37.0203	  0.3680
1.8000	 32.1862	 37.6641	 -0.0801
1.8200	 32.1801	 38.3077	 -0.5258
1.8400	 32.1652	 38.9512	 -0.9691
1.8600	 32.1414	 39.5943	 -1.4097
1.8800	 32.1088	 40.2368	 -1.8475
1.9000	 32.0675	 40.8786	 -2.2822
1.9200	 32.0175	 41.5194	 -2.7137
1.9400	 31.9590	 42.1592	 -3.1418
1.9600	 31.8919	 42.7977	 -3.5663
1.9800	 31.8163	 43.4348	 -3.9870
2.0000	 31.7324	 44.0703	 -4.4037
2.0200	 31.6402	 44.7041	 -4.8162
2.0400	 31.5398	 45.3359	 -5.2244
2.0600	 31.4313	 45.9656	 -5.6281
2.0800	 31.3147	 46.5931	 -6.0271
2.1000	 31.1902	 47.2182	 -6.4212
2.1200	 31.0579	 47.8406	 -6.8102
2.1400	 30.9179	 48.4604	 -7.1940
2.1600	 30.7702	 49.0773	 -7.5725
2.1800	 30.6150	 49.6912	 -7.9454
2.2000	 30.4524	 50.3019	 -8.3125
2.2200	 30.2825	 50.9092	 -8.6738
2.2400	 30.1055	 51.5131	 -9.0290
2.2600	 29.9214	 52.1134	 -9.3781
2.2800	 29.7304	 52.7099	 -9.7207
2.3000	 29.5326	 53.3026	-10.0569
2.3200	 29.3282	 53.8912	-10.3864
2.3400	 29.1172	 54.4757	-10.7091
2.3600	 28.8999	 55.0558	-11.0248
2.3800	 28.6763	 55.6316	-11.3334
2.4000	 28.4466	 56.2028	-11.6348
2.4200	 28.2109	 56.7694	-11.9289
2.4400	 27.9695	 57.3312	-12.2154
2.4600	 27.7224	 57.8882	-12.4943
2.4800	 27.4698	 58.4401	-12.7654
2.5000	 27.2118	 58.9869	-13.0286
2.5200	 26.9487	 59.5285	-13.2838
2.5400	 26.6805	 60.0648	-13.5309
2.5600	 26.4075	 60.5957	-13.7697
2.5800	 26.1298	 61.1211	-14.0002
2.6000	 25.8475	 61.6409	-14.2222
2.6200	 25.5609	 62.1550	-14.4357
2.6400	 25.2702	 62.6633	-14.6404
2.6600	 24.9754	 63.1658	-14.8365
2.6800	 24.6768	 63.6623	-15.0236
2.7000	 24.3745	 64.1528	-15.2018
2.7200	 24.0688	 64.6372	-15.3710
2.7400	 23.7597	 65.1155	-15.5310
2.7600	 23.4476	 65.5876	-15.6818
2.7800	 23.1325	 66.0534	-15.8234
2.8000	 22.8147	 66.5129	-15.9556
2.8200	 22.4943	 66.9660	-16.0783
2.8400	 22.1716	 67.4127	-16.1916
2.8600	 21.8467	 67.8528	-16.2954
2.8800	 21.5199	 68.2865	-16.3895
2.9000	 21.1912	 68.7136	-16.4740
2.9200	 20.8610	 69.1341	-16.5487
2.9400	 20.5293	 69.5481	-16.6137
2.9600	 20.1965	 69.9553	-16.6689
2.9800	 19.8627	 70.3559	-16.7143
3.0000	 19.5280	 70.7498	-16.7498
3.0200	 19.1927	 71.1370	-16.7754
3.0400	 18.8570	 71.5175	-16.7911
3.0600	 18.5212	 71.8913	-16.7968
3.0800	 18.1852	 72.2584	-16.7926
3.1000	 17.8495	 72.6187	-16.7784
3.1200	 17.5142	 72.9723	-16.7542
3.1400	 17.1794	 73.3193	-16.7200
3.1600	 16.8454	 73.6595	-16.6758
3.1800	 16.5125	 73.9931	-16.6216
3.2000	 16.1806	 74.3200	-16.5574
3.2200	 15.8502	 74.6403	-16.4832
3.2400	 15.5214	 74.9541	-16.3990
3.2600	 15.1943	 75.2612	-16.3050
3.2800	 14.8693	 75.5618	-16.2009
3.3000	 14.5464	 75.8560	-16.0870
3.3200	 14.2258	 76.1437	-15.9632
3.3400	 13.9079	 76.4250	-15.8295
3.3600	 13.5927	 76.7000	-15.6861
3.3800	 13.2805	 76.9688	-15.5329
3.4000	 12.9715	 77.2313	-15.3700
3.4200	 12.6658	 77.4877	-15.1974
3.4400	 12.3636	 77.7379	-15.0151
3.4600	 12.0652	 77.9822	-14.8234
3.4800	 11.7708	 78.2206	-14.6221
3.5000	 11.4804	 78.4531	-14.4114
3.5200	 11.1944	 78.6798	-14.1914
3.5400	 10.9128	 78.9009	-13.9620
3.5600	 10.6360	 79.1164	-13.7234
3.5800	 10.3640	 79.3264	-13.4757
3.6000	 10.0970	 79.5310	-13.2190
3.6200	  9.8353	 79.7303	-12.9532
3.6400	  9.5789	 79.9244	-12.6786
3.6600	  9.3282	 80.1135	-12.3952
3.6800	  9.0832	 80.2976	-12.1032
3.7000	  8.8441	 80.4768	-11.8025
3.7200	  8.6111	 80.6514	-11.4934
3.7400	  8.3844	 80.8213	-11.1758
3.7600	  8.1641	 80.9868	-10.8501
3.7800	  7.9505	 81.1479	-10.5161
3.8000	  7.7436	 81.3049	-10.1742
3.8200	  7.5436	 81.4577	 -9.8243
3.8400	  7.3506	 81.6066	 -9.4667
3.8600	  7.1649	 81.7518	 -9.1014
3.8800	  6.9866	 81.8933	 -8.7285
3.9000	  6.8158	 82.0313	 -8.3483
3.9200	  6.6527	 82.1660	 -7.9608
3.9400	  6.4975	 82.2975	 -7.5662
3.9600	  6.3501	 82.4259	 -7.1646
3.9800	  6.2109	 82.5515	 -6.7562
4.0000	  6.0799	 82.6744	 -6.3411
4.0200	  5.9573	 82.7948	 -5.9194
4.0400	  5.8432	 82.9128	 -5.4914
4.0600	  5.7377	 83.0286	 -5.0572
4.0800	  5.6410	 83.1423	 -4.6168
4.1000	  5.5531	 83.2543	 -4.1706
4.1200	  5.4742	 83.3645	 -3.7186
4.1400	  5.4044	 83.4733	 -3.2610
4.1600	  5.3438	 83.5808	 -2.7981
4.1800	  5.2925	 83.6871	 -2.3298
4.2000	  5.2506	 83.7925	 -1.8565
4.2200	  5.2182	 83.8972	 -1.3783
4.2400	  5.1955	 84.0013	 -0.8954
4.2600	  5.1825	 84.1051	 -0.4079
4.2800	  5.1792	 84.2087	  0.0840
4.3000	  5.1859	 84.3123	  0.5800
4.3200	  5.2024	 84.4162	  1.0801
4.3400	  5.2291	 84.5205	  1.5840
4.3600	  5.2658	 84.6254	  2.0915
4.3800	  5.3128	 84.7312	  2.6024
4.4000	  5.3699	 84.8380	  3.1167
4.4200	  5.4374	 84.9460	  3.6340
4.4400	  5.5153	 85.0556	  4.1542
4.4600	  5.6036	 85.1667	  4.6771
4.4800	  5.7024	 85.2798	  5.2024
4.5000	  5.8117	 85.3949	  5.7301
4.5200	  5.9316	 85.5123	  6.2599
4.5400	  6.0622	 85.6322	  6.7916
4.5600	  6.2033	 85.7549	  7.3250
4.5800	  6.3552	 85.8804	  7.8599
4.6000	  6.5177	 86.0091	  8.3962
4.6200	  6.6910	 86.1412	  8.9336
4.6400	  6.8751	 86.2769	  9.4719
4.6600	  7.0699	 86.4163	 10.0109
4.6800	  7.2755	 86.5597	 10.5504
4.7000	  7.4919	 86.7074	 11.0903
4.7200	  7.7191	 86.8595	 11.6303
4.7400	  7.9571	 87.0162	 12.1702
4.7600	  8.2059	 87.1778	 12.7098
4.7800	  8.4655	 87.3445	 13.2490
4.8000	  8.7359	 87.5165	 13.7875
4.8200	  9.0170	 87.6940	 14.3251
4.8400	  9.3089	 87.8773	 14.8616
4.8600	  9.6115	 88.0665	 15.3969
4.8800	  9.9247	 88.2618	 15.9307
4.9000	 10.2487	 88.4635	 16.4628
4.9200	 10.5832	 88.6718	 16.9931
4.9400	 10.9284	 88.8869	 17.5213
4.9600	 11.2841	 89.1090	 18.0472
4.9800	 11.6503	 89.3384	 18.5707
5.0000	 12.0269	 89.5751	 19.0916
5.0200	 12.4139	 89.8195	 19.6096
5.0400	 12.8113	 90.0717	 20.1246
5.0600	 13.2189	 90.3320	 20.6363
5.0800	 13.6367	 90.6006	 21.1447
5.1000	 14.0646	 90.8776	 21.6494
5.1200	 14.5026	 91.1632	 22.1504
5.1400	 14.9506	 91.4577	 22.6475
5.1600	 15.4085	 91.7613	 23.1403
5.1800	 15.8762	 92.0741	 23.6289
5.2000	 16.3536	 92.3964	 24.1129
5.2200	 16.8407	 92.7283	 24.5923
5.2400	 17.3373	 93.0701	 25.0668
5.2600	 17.8433	 93.4219	 25.5362
5.2800	 18.3587	 93.7839	 26.0005
5.3000	 18.8833	 94.1563	 26.4594
5.3200	 19.4170	 94.5393	 26.9127
5.3400	 19.9598	 94.9331	 27.3603
5.3600	 20.5114	 95.3377	 27.8021
5.3800	 21.0718	 95.7536	 28.2378
5.4000	 21.6409	 96.1807	 28.6673
5.4200	 22.2185	 96.6193	 29.0905
5.4400	 22.8045	 97.0695	 29.5072
5.4600	 23.3987	 97.5315	 29.9172
5.4800	 24.0011	 98.0055	 30.3205
5.5000	 24.6115	 98.4916	 30.7167
5.5200	 25.2297	 98.9900	 31.1059
5.5400	 25.8557	 99.5008	 31.4879
5.5600	 26.4892	100.0243	 31.8625
5.5800	 27.1301	100.5604	 32.2297
5.6000	 27.7783	101.1095	 32.5891
5.6200	 28.4336	101.6716	 32.9409
5.6400	 29.0959	102.2469	 33.2847
5.6600	 29.7650	102.8355	 33.6206
5.6800	 30.4407	103.4376	 33.9483
5.7000	 31.1229	104.0532	 34.2678
5.7200	 31.8113	104.6825	 34.5790
5.7400	 32.5060	105.3257	 34.8817
5.7600	 33.2066	105.9828	 35.1758
5.7800	 33.9129	106.6540	 35.4613
5.8000	 34.6249	107.3393	 35.7380
5.8200	 35.3424	108.0390	 36.0058
5.8400	 36.0651	108.7531	 36.2648
5.8600	 36.7929	109.4816	 36.5146
5.8800	 37.5256	110.2248	 36.7554
5.9000	 38.2631	110.9827	 36.9870
5.9200	 39.0051	111.7554	 37.2092
5.9400	 39.7514	112.5429	 37.4222
5.9600	 40.5019	113.3455	 37.6257
5.9800	 41.2564	114.1630	 37.8198
6.0000	 42.0146	114.9957	 38.0043
6.0200	 42.7765	115.8436	 38.1792
6.0400	 43.5417	116.7068	 38.3444
6.0600	 44.3102	117.5853	 38.4999
6.0800	 45.0816	118.4793	 38.6457
6.1000	 45.8559	119.3886	 38.7817
6.1200	 46.6328	120.3135	 38.9079
6.1400	 47.4122	121.2540	 39.0242
6.1600	 48.1938	122.2100	 39.1306
6.1800	 48.9773	123.1817	 39.2270
6.2000	 49.7628	124.1691	 39.3136
6.2200	 50.5498	125.1722	 39.3901
6.2400	 51.3383	126.1911	 39.4567
6.2600	 52.1280	127.2258	 39.5133
6.2800	 52.9188	128.2762	 39.5599
6.3000	 53.7103	129.3425	 39.5965
6.3200	 54.5026	130.4247	 39.6231
6.3400	 55.2952	131.5226	 39.6397
6.3600	 56.0881	132.6365	 39.6463
6.3800	 56.8810	133.7662	 39.6429
6.4000	 57.6737	134.9117	 39.6296
6.4200	 58.4661	136.0731	 39.6064
6.4400	 59.2579	137.2504	 39.5732
6.4600	 60.0490	138.4434	 39.5302
6.4800	 60.8391	139.6523	 39.4774
6.5000	 61.6280	140.8770	 39.4147
6.5200	 62.4156	142.1174	 39.3423
6.5400	 63.2016	143.3736	 39.2601
6.5600	 63.9859	144.6455	 39.1683
6.5800	 64.7683	145.9330	 39.0668
6.6000	 65.5485	147.2362	 38.9558
6.6200	 66.3265	148.5549	 38.8353
6.6400	 67.1019	149.8892	 38.7054
6.6600	 67.8746	151.2390	 38.5660
6.6800	 68.6445	152.6042	 38.4174
6.7000	 69.4112	153.9848	 38.2596
6.7200	 70.1748	155.3806	 38.0926
6.7400	 70.9349	156.7917	 37.9166
6.7600	 71.6914	158.2180	 37.7315
6.7800	 72.4441	159.6594	 37.5376
6.8000	 73.1928	161.1157	 37.3349
6.8200	 73.9374	162.5870	 37.1236
6.8400	 74.6777	164.0732	 36.9036
6.8600	 75.4135	165.5741	 36.6751
6.8800	 76.1447	167.0897	 36.4382
6.9000	 76.8710	168.6199	 36.1931
6.9200	 77.5923	170.1645	 35.9398
6.9400	 78.3085	171.7235	 35.6785
6.9600	 79.0194	173.2968	 35.4093
6.9800	 79.7249	174.8843	 35.1323
7.0000	 80.4247	176.4858	 34.8476
7.0200	 81.1187	178.1012	 34.5553
7.0400	 81.8068	179.7305	 34.2557
7.0600	 82.4889	181.3735	 33.9488
7.0800	 83.1647	183.0300	 33.6347
7.1000	 83.8342	184.7000	 33.3137
7.1200	 84.4972	186.3833	 32.9858
7.1400	 85.1536	188.0798	 32.6512
7.1600	 85.8032	189.7894	 32.3101
7.1800	 86.4460	191.5119	 31.9625
7.2000	 87.0817	193.2472	 31.6088
7.2200	 87.7103	194.9951	 31.2489
7.2400	 88.3316	196.7556	 30.8832
7.2600	 88.9456	198.5284	 30.5116
7.2800	 89.5520	200.3134	 30.1345
7.3000	 90.1509	202.1104	 29.7519
7.3200	 90.7421	203.9193	 29.3641
7.3400	 91.3254	205.7400	 28.9712
7.3600	 91.9009	207.5723	 28.5734
7.3800	 92.4683	209.4160	 28.1708
7.4000	 93.0277	211.2710	 27.7637
7.4200	 93.5789	213.1371	 27.3522
7.4400	 94.1218	215.0141	 26.9364
7.4600	 94.6563	216.9019	 26.5167
7.4800	 95.1824	218.8003	 26.0931
7.5000	 95.7000	220.7091	 25.6659
7.5200	 96.2090	222.6282	 25.2352
7.5400	 96.7094	224.5574	 24.8012
7.5600	 97.2010	226.4965	 24.3641
7.5800	 97.6839	228.4454	 23.9242
7.6000	 98.1580	230.4038	 23.4815
7.6200	 98.6232	232.3717	 23.0363
7.6400	 99.0794	234.3487	 22.5888
7.6600	 99.5267	236.3348	 22.1392
7.6800	 99.9650	238.3297	 21.6876
7.7000	100.3942	240.3333	 21.2343
7.7200	100.8143	242.3454	 20.7795
7.7400	101.2254	244.3658	 20.3234
7.7600	101.6273	246.3944	 19.8661
7.7800	102.0200	248.4309	 19.4079
7.8000	102.4036	250.4751	 18.9489
7.8200	102.7780	252.5269	 18.4894
7.8400	103.1432	254.5862	 18.0295
7.8600	103.4991	256.6526	 17.5695
7.8800	103.8459	258.7261	 17.1096
7.9000	104.1835	260.8064	 16.6499
7.9200	104.5119	262.8934	 16.1907
7.9400	104.8312	264.9868	 15.7322
7.9600	105.1412	267.0865	 15.2745
7.9800	105.4422	269.1924	 14.8179
8.0000	105.7340	271.3042	 14.3625
8.0200	106.0167	273.4217	 13.9086
8.0400	106.2903	275.5448	 13.4563
8.0600	106.5549	277.6732	 13.0059
8.0800	106.8106	279.8069	 12.5575
8.1000	107.0572	281.9456	 12.1114
8.1200	107.2950	284.0891	 11.6677
8.1400	107.5240	286.2373	 11.2266
8.1600	107.7441	288.3900	 10.7884
8.1800	107.9555	290.5471	 10.3532
8.2000	108.1583	292.7082	  9.9211
8.2200	108.3524	294.8733	  9.4925
8.2400	108.5380	297.0422	  9.0674
8.2600	108.7151	299.2148	  8.6461
8.2800	108.8839	301.3908	  8.2288
8.3000	109.0443	303.5701	  7.8156
8.3200	109.1965	305.7525	  7.4067
8.3400	109.3406	307.9379	  7.0023
8.3600	109.4766	310.1261	  6.6025
8.3800	109.6047	312.3169	  6.2077
8.4000	109.7250	314.5102	  5.8178
8.4200	109.8375	316.7059	  5.4331
8.4400	109.9423	318.9037	  5.0538
8.4600	110.0397	321.1035	  4.6800
8.4800	110.1296	323.3052	  4.3119
8.5000	110.2122	325.5086	  3.9497
8.5200	110.2876	327.7136	  3.5935
8.5400	110.3560	329.9201	  3.2435
8.5600	110.4174	332.1278	  2.8998
8.5800	110.4720	334.3367	  2.5626
8.6000	110.5199	336.5467	  2.2320
8.6200	110.5613	338.7575	  1.9082
8.6400	110.5963	340.9691	  1.5914
8.6600	110.6250	343.1813	  1.2816
8.6800	110.6476	345.3940	  0.9790
8.7000	110.6642	347.6072	  0.6838
8.7200	110.6750	349.8206	  0.3961
8.7400	110.6801	352.0341	  0.1160
8.7600	110.6797	354.2477	 -0.1563
8.7800	110.6739	356.4613	 -0.4208
8.8000	110.6629	358.6747	 -0.6773
8.8200	110.6469	360.8878	 -0.9257
8.8400	110.6260	363.1005	 -1.1659
8.8600	110.6003	365.3128	 -1.3977
8.8800	110.5701	367.5245	 -1.6211
8.9000	110.5355	369.7355	 -1.8359
8.9200	110.4967	371.9459	 -2.0420
8.9400	110.4539	374.1554	 -2.2395
8.9600	110.4072	376.3640	 -2.4280
8.9800	110.3568	378.5717	 -2.6077
9.0000	110.3030	380.7783	 -2.7783
