  0.0000	  1.0000	  0.0000	 21.9479
  0.0200	  1.4398	  0.0244	 22.0315
  0.0400	  1.8813	  0.0576	 22.1150
  0.0600	  2.3244	  0.0997	 22.1986
  0.0800	  2.7692	  0.1506	 22.2821
  0.1000	  3.2157	  0.2104	 22.3657
  0.1200	  3.6638	  0.2792	 22.4492
  0.1400	  4.1136	  0.3570	 22.5328
  0.1600	  4.5651	  0.4438	 22.6163
  0.1800	  5.0183	  0.5396	 22.6999
  0.2000	  5.4731	  0.6445	 22.7835
  0.2200	  5.9296	  0.7586	 22.8670
  0.2400	  6.3878	  0.8817	 22.9506
  0.2600	  6.8477	  1.0141	 23.0341
  0.2800	  7.3092	  1.1556	 23.1177
  0.3000	  7.7724	  1.3065	 23.2012
  0.3200	  8.2372	  1.4665	 23.2848
  0.3400	  8.7038	  1.6360	 23.3684
  0.3600	  9.1720	  1.8147	 23.4519
  0.3800	  9.6418	  2.0028	 23.5355
  0.4000	 10.1134	  2.2004	 23.6190
  0.4200	 10.5866	  2.4074	 23.7026
  0.4400	 11.0615	  2.6239	 23.7861
  0.4600	 11.5380	  2.8499	 23.8697
  0.4800	 12.0163	  3.0854	 23.9532
  0.5000	 12.4962	  3.3305	 24.0368
  0.5200	 12.9777	  3.5853	 24.1204
  0.5400	 13.4610	  3.8496	 24.2039
  0.5600	 13.9459	  4.1237	 24.2875
  0.5800	 14.4325	  4.4075	 24.3710
  0.6000	 14.9207	  4.7010	 24.4546
  0.6200	 15.4107	  5.0043	 24.5381
  0.6400	 15.9023	  5.3175	 24.6217
  0.6600	 16.3955	  5.6404	 24.7052
  0.6800	 16.8905	  5.9733	 24.7888
  0.7000	 17.3871	  6.3161	 24.8724
  0.7200	 17.8854	  6.6688	 24.9559
  0.7400	 18.3853	  7.0315	 25.0395
  0.7600	 18.8870	  7.4042	 25.1230
  0.7800	 19.3902	  7.7870	 25.2066
  0.8000	 19.8952	  8.1798	 25.2901
  0.8200	 20.4019	  8.5828	 25.3737
  0.8400	 20.9102	  8.9959	 25.4573
  0.8600	 21.4201	  9.4192	 25.5408
  0.8800	 21.9318	  9.8527	 25.6244
  0.9000	 22.4451	 10.2965	 25.7079
  0.9200	 22.9601	 10.7506	 25.7915
  0.9400	 23.4768	 11.2149	 25.8750
  0.9600	 23.9951	 11.6896	 25.9586
  0.9800	 24.5151	 12.1747	 26.0421
  1.0000	 25.0368	 12.6703	 26.1257
  1.0200	 25.5515	 13.1762	 25.3485
  1.0400	 26.0507	 13.6922	 24.5713
  1.0600	 26.5344	 14.2181	 23.7941
  1.0800	 27.0025	 14.7535	 23.0169
  1.1000	 27.4551	 15.2981	 22.2397
  1.1200	 27.8921	 15.8516	 21.4625
  1.1400	 28.3136	 16.4137	 20.6853
  1.1600	 28.7195	 16.9840	 19.9081
  1.1800	 29.1099	 17.5623	 19.1309
  1.2000	 29.4847	 18.1483	 18.3537
  1.2200	 29.8440	 18.7416	 17.5765
  1.2400	 30.1878	 19.3420	 16.7993
  1.2600	 30.5160	 19.9490	 16.0220
  1.2800	 30.8287	 20.5625	 15.2448
  1.3000	 31.1258	 21.1821	 14.4676
  1.3200	 31.4074	 21.8074	 13.6904
  1.3400	 31.6734	 22.4383	 12.9132
  1.3600	 31.9239	 23.0743	 12.1360
  1.3800	 32.1589	 23.7151	 11.3588
  1.4000	 32.3783	 24.3605	 10.5816
  1.4200	 32.5821	 25.0101	  9.8044
  1.4400	 32.7704	 25.6637	  9.0272
  1.4600	 32.9432	 26.3209	  8.2500
  1.4800	 33.1004	 26.9813	  7.4728
  1.5000	 33.2421	 27.6448	  6.6956
  1.5200	 33.3683	 28.3109	  5.9184
  1.5400	 33.4789	 28.9794	  5.1412
  1.5600	 33.5739	 29.6500	  4.3640
  1.5800	 33.6534	 30.3223	  3.5868
  1.6000	 33.7174	 30.9960	  2.8096
  1.6200	 33.7658	 31.6708	  2.0324
  1.6400	 33.7987	 32.3465	  1.2552
  1.6600	 33.8160	 33.0227	  0.4780
  1.6800	 33.8178	 33.6991	 -0.2992
  1.7000	 33.8040	 34.3753	 -1.0764
  1.7200	 33.7747	 35.0511	 -1.8536
  1.7400	 33.7299	 35.7262	 -2.6308
  1.7600	 33.6695	 36.4002	 -3.4081
  1.7800	 33.5936	 37.0729	 -4.1853
  1.8000	 33.5021	 37.7438	 -4.9625
  1.8200	 33.3951	 38.4128	 -5.7397
  1.8400	 33.2725	 39.0795	 -6.5169
  1.8600	 33.1344	 39.7436	 -7.2941
  1.8800	 32.9807	 40.4048	 -8.0713
  1.9000	 32.8115	 41.0628	 -8.8485
  1.9200	 32.6268	 41.7172	 -9.6257
  1.9400	 32.4265	 42.3677	-10.4029
  1.9600	 32.2107	 43.0141	-11.1801
  1.9800	 31.9793	 43.6561	-11.9573
  2.0000	 31.7324	 44.2932	-12.7345
  2.0200	 31.4779	 44.9253	-12.7133
  2.0400	 31.2239	 45.5523	-12.6921
  2.0600	 30.9702	 46.1743	-12.6709
  2.0800	 30.7170	 46.7911	-12.6497
  2.1000	 30.4643	 47.4029	-12.6285
  2.1200	 30.2119	 48.0097	-12.6073
  2.1400	 29.9600	 48.6114	-12.5861
  2.1600	 29.7085	 49.2081	-12.5649
  2.1800	 29.4574	 49.7998	-12.5437
  2.2000	 29.2067	 50.3864	-12.5225
  2.2200	 28.9565	 50.9680	-12.5013
  2.2400	 28.7067	 51.5447	-12.4801
  2.2600	 28.4573	 52.1163	-12.4588
  2.2800	 28.2083	 52.6830	-12.4376
  2.3000	 27.9598	 53.2446	-12.4164
  2.3200	 27.7116	 53.8014	-12.3952
  2.3400	 27.4639	 54.3531	-12.3740
  2.3600	 27.2167	 54.8999	-12.3528
  2.3800	 26.9698	 55.4418	-12.3316
  2.4000	 26.7234	 55.9787	-12.3104
  2.4200	 26.4774	 56.5107	-12.2892
  2.4400	 26.2318	 57.0378	-12.2680
  2.4600	 25.9867	 57.5600	-12.2468
  2.4800	 25.7420	 58.0773	-12.2256
  2.5000	 25.4977	 58.5897	-12.2044
  2.5200	 25.2538	 59.0972	-12.1832
  2.5400	 25.0103	 59.5998	-12.1620
  2.5600	 24.7673	 60.0976	-12.1408
  2.5800	 24.5247	 60.5905	-12.1196
  2.6000	 24.2825	 61.0786	-12.0984
  2.6200	 24.0408	 61.5618	-12.0772
  2.6400	 23.7994	 62.0402	-12.0560
  2.6600	 23.5585	 62.5138	-12.0348
  2.6800	 23.3181	 62.9826	-12.0136
  2.7000	 23.0780	 63.4465	-11.9924
  2.7200	 22.8384	 63.9057	-11.9712
  2.7400	 22.5992	 64.3601	-11.9500
  2.7600	 22.3604	 64.8097	-11.9287
  2.7800	 22.1220	 65.2545	-11.9075
  2.8000	 21.8841	 65.6946	-11.8863
  2.8200	 21.6465	 66.1299	-11.8651
  2.8400	 21.4095	 66.5604	-11.8439
  2.8600	 21.1728	 66.9862	-11.8227
  2.8800	 20.9365	 67.4073	-11.8015
  2.9000	 20.7007	 67.8237	-11.7803
  2.9200	 20.4653	 68.2354	-11.7591
  2.9400	 20.2304	 68.6423	-11.7379
  2.9600	 19.9958	 69.0446	-11.7167
  2.9800	 19.7617	 69.4422	-11.6955
  3.0000	 19.5280	 69.8351	-11.6743
  3.0200	 19.2938	 70.2233	-11.7453
  3.0400	 19.0582	 70.6068	-11.8162
  3.0600	 18.8212	 70.9856	-11.8872
  3.0800	 18.5827	 71.3596	-11.9581
  3.1000	 18.3428	 71.7289	-12.0291
  3.1200	 18.1015	 72.0933	-12.1000
  3.1400	 17.8588	 72.4529	-12.1710
  3.1600	 17.6147	 72.8077	-12.2419
  3.1800	 17.3692	 73.1575	-12.3129
  3.2000	 17.1222	 73.5024	-12.3838
  3.2200	 16.8738	 73.8424	-12.4548
  3.2400	 16.6240	 74.1774	-12.5257
  3.2600	 16.3728	 74.5073	-12.5967
  3.2800	 16.1201	 74.8323	-12.6676
  3.3000	 15.8661	 75.1521	-12.7386
  3.3200	 15.6106	 75.4669	-12.8095
  3.3400	 15.3537	 75.7766	-12.8805
  3.3600	 15.0954	 76.0810	-12.9514
  3.3800	 14.8356	 76.3804	-13.0224
  3.4000	 14.5745	 76.6745	-13.0933
  3.4200	 14.3119	 76.9633	-13.1643
  3.4400	 14.0479	 77.2469	-13.2352
  3.4600	 13.7825	 77.5252	-13.3062
  3.4800	 13.5157	 77.7982	-13.3771
  3.5000	 13.2474	 78.0659	-13.4481
  3.5200	 12.9777	 78.3281	-13.5191
  3.5400	 12.7066	 78.5850	-13.5900
  3.5600	 12.4341	 78.8364	-13.6610
  3.5800	 12.1602	 79.0823	-13.7319
  3.6000	 11.8849	 79.3228	-13.8029
  3.6200	 11.6081	 79.5577	-13.8738
  3.6400	 11.3299	 79.7871	-13.9448
  3.6600	 11.0503	 80.0109	-14.0157
  3.6800	 10.7693	 80.2291	-14.0867
  3.7000	 10.4868	 80.4416	-14.1576
  3.7200	 10.2030	 80.6485	-14.2286
  3.7400	  9.9177	 80.8498	-14.2995
  3.7600	  9.6310	 81.0452	-14.3705
  3.7800	  9.3429	 81.2350	-14.4414
  3.8000	  9.0533	 81.4189	-14.5124
  3.8200	  8.7624	 81.5971	-14.5833
  3.8400	  8.4700	 81.7694	-14.6543
  3.8600	  8.1762	 81.9359	-14.7252
  3.8800	  7.8810	 82.0965	-14.7962
  3.9000	  7.5844	 82.2511	-14.8671
  3.9200	  7.2863	 82.3998	-14.9381
  3.9400	  6.9868	 82.5426	-15.0090
  3.9600	  6.6859	 82.6793	-15.0800
  3.9800	  6.3836	 82.8100	-15.1509
  4.0000	  6.0799	 82.9346	-15.2219
  4.0200	  5.7839	 83.0532	-14.3751
  4.0400	  5.5049	 83.1661	-13.5284
  4.0600	  5.2428	 83.2736	-12.6816
  4.0800	  4.9976	 83.3759	-11.8349
  4.1000	  4.7694	 83.4736	-10.9881
  4.1200	  4.5581	 83.5668	-10.1414
  4.1400	  4.3637	 83.6560	 -9.2946
  4.1600	  4.1863	 83.7415	 -8.4479
  4.1800	  4.0258	 83.8236	 -7.6011
  4.2000	  3.8823	 83.9026	 -6.7543
  4.2200	  3.7557	 83.9790	 -5.9076
  4.2400	  3.6460	 84.0530	 -5.0608
  4.2600	  3.5532	 84.1249	 -4.2141
  4.2800	  3.4774	 84.1952	 -3.3673
  4.3000	  3.4185	 84.2641	 -2.5206
  4.3200	  3.3766	 84.3321	 -1.6738
  4.3400	  3.3516	 84.3993	 -0.8270
  4.3600	  3.3435	 84.4662	  0.0197
  4.3800	  3.3524	 84.5332	  0.8665
  4.4000	  3.3782	 84.6004	  1.7132
  4.4200	  3.4209	 84.6684	  2.5600
  4.4400	  3.4806	 84.7374	  3.4067
  4.4600	  3.5572	 84.8077	  4.2535
  4.4800	  3.6507	 84.8798	  5.1002
  4.5000	  3.7612	 84.9539	  5.9470
  4.5200	  3.8886	 85.0304	  6.7938
  4.5400	  4.0329	 85.1095	  7.6405
  4.5600	  4.1942	 85.1918	  8.4873
  4.5800	  4.3724	 85.2774	  9.3340
  4.6000	  4.5676	 85.3668	 10.1808
  4.6200	  4.7796	 85.4602	 11.0275
  4.6400	  5.0087	 85.5581	 11.8743
  4.6600	  5.2546	 85.6607	 12.7210
  4.6800	  5.5175	 85.7684	 13.5678
  4.7000	  5.7973	 85.8815	 14.4146
  4.7200	  6.0941	 86.0004	 15.2613
  4.7400	  6.4078	 86.1254	 16.1081
  4.7600	  6.7384	 86.2568	 16.9548
  4.7800	  7.0860	 86.3950	 17.8016
  4.8000	  7.4505	 86.5404	 18.6483
  4.8200	  7.8319	 86.6932	 19.4951
  4.8400	  8.2303	 86.8538	 20.3419
  4.8600	  8.6456	 87.0225	 21.1886
  4.8800	  9.0778	 87.1997	 22.0354
  4.9000	  9.5270	 87.3857	 22.8821
  4.9200	  9.9931	 87.5809	 23.7289
  4.9400	 10.4762	 87.7856	 24.5756
  4.9600	 10.9761	 88.0000	 25.4224
  4.9800	 11.4930	 88.2247	 26.2691
  5.0000	 12.0269	 88.4599	 27.1159
  5.0200	 12.5704	 88.7059	 27.2308
  5.0400	 13.1161	 88.9627	 27.3456
  5.0600	 13.6642	 89.2305	 27.4605
  5.0800	 14.2146	 89.5093	 27.5754
  5.1000	 14.7672	 89.7991	 27.6903
  5.1200	 15.3222	 90.1000	 27.8051
  5.1400	 15.8794	 90.4120	 27.9200
  5.1600	 16.4390	 90.7352	 28.0349
  5.1800	 17.0008	 91.0696	 28.1497
  5.2000	 17.5650	 91.4152	 28.2646
  5.2200	 18.1314	 91.7722	 28.3795
  5.2400	 18.7001	 92.1405	 28.4944
  5.2600	 19.2712	 92.5202	 28.6092
  5.2800	 19.8445	 92.9114	 28.7241
  5.3000	 20.4201	 93.3140	 28.8390
  5.3200	 20.9981	 93.7282	 28.9539
  5.3400	 21.5783	 94.1540	 29.0687
  5.3600	 22.1608	 94.5913	 29.1836
  5.3800	 22.7456	 95.0404	 29.2985
  5.4000	 23.3327	 95.5012	 29.4133
  5.4200	 23.9222	 95.9737	 29.5282
  5.4400	 24.5139	 96.4581	 29.6431
  5.4600	 25.1079	 96.9543	 29.7580
  5.4800	 25.7042	 97.4624	 29.8728
  5.5000	 26.3028	 97.9825	 29.9877
  5.5200	 26.9037	 98.5145	 30.1026
  5.5400	 27.5069	 99.0586	 30.2174
  5.5600	 28.1124	 99.6148	 30.3323
  5.5800	 28.7202	100.1832	 30.4472
  5.6000	 29.3303	100.7637	 30.5621
  5.6200	 29.9427	101.3564	 30.6769
  5.6400	 30.5574	101.9614	 30.7918
  5.6600	 31.1744	102.5787	 30.9067
  5.6800	 31.7936	103.2084	 31.0215
  5.7000	 32.4152	103.8505	 31.1364
  5.7200	 33.0391	104.5050	 31.2513
  5.7400	 33.6653	105.1720	 31.3662
  5.7600	 34.2937	105.8516	 31.4810
  5.7800	 34.9245	106.5438	 31.5959
  5.8000	 35.5576	107.2486	 31.7108
  5.8200	 36.1929	107.9661	 31.8257
  5.8400	 36.8306	108.6963	 31.9405
  5.8600	 37.4706	109.4394	 32.0554
  5.8800	 38.1128	110.1952	 32.1703
  5.9000	 38.7574	110.9639	 32.2851
  5.9200	 39.4042	111.7455	 32.4000
  5.9400	 40.0534	112.5401	 32.5149
  5.9600	 40.7048	113.3476	 32.6298
  5.9800	 41.3586	114.1683	 32.7446
  6.0000	 42.0146	115.0020	 32.8595
  6.0200	 42.6740	115.8489	 33.0815
  6.0400	 43.3379	116.7090	 33.3035
  6.0600	 44.0062	117.5824	 33.5256
  6.0800	 44.6789	118.4693	 33.7476
  6.1000	 45.3561	119.3696	 33.9696
  6.1200	 46.0377	120.2835	 34.1916
  6.1400	 46.7237	121.2111	 34.4137
  6.1600	 47.4142	122.1525	 34.6357
  6.1800	 48.1091	123.1077	 34.8577
  6.2000	 48.8085	124.0769	 35.0797
  6.2200	 49.5123	125.0601	 35.3018
  6.2400	 50.2206	126.0574	 35.5238
  6.2600	 50.9333	127.0690	 35.7458
  6.2800	 51.6504	128.0948	 35.9678
  6.3000	 52.3720	129.1350	 36.1899
  6.3200	 53.0980	130.1897	 36.4119
  6.3400	 53.8285	131.2590	 36.6339
  6.3600	 54.5634	132.3429	 36.8559
  6.3800	 55.3027	133.4415	 37.0780
  6.4000	 56.0465	134.5550	 37.3000
  6.4200	 56.7947	135.6834	 37.5220
  6.4400	 57.5474	136.8268	 37.7440
  6.4600	 58.3045	137.9853	 37.9661
  6.4800	 59.0660	139.1590	 38.1881
  6.5000	 59.8320	140.3480	 38.4101
  6.5200	 60.6024	141.5523	 38.6321
  6.5400	 61.3773	142.7721	 38.8541
  6.5600	 62.1566	144.0075	 39.0762
  6.5800	 62.9403	145.2584	 39.2982
  6.6000	 63.7285	146.5251	 39.5202
  6.6200	 64.5211	147.8076	 39.7422
  6.6400	 65.3182	149.1060	 39.9643
  6.6600	 66.1197	150.4204	 40.1863
  6.6800	 66.9257	151.7508	 40.4083
  6.7000	 67.7360	153.0974	 40.6303
  6.7200	 68.5509	154.4603	 40.8524
  6.7400	 69.3701	155.8395	 41.0744
  6.7600	 70.1938	157.2351	 41.2964
  6.7800	 71.0220	158.6473	 41.5184
  6.8000	 71.8546	160.0760	 41.7405
  6.8200	 72.6916	161.5215	 41.9625
  6.8400	 73.5331	162.9837	 42.1845
  6.8600	 74.3790	164.4628	 42.4065
  6.8800	 75.2293	165.9589	 42.6286
  6.9000	 76.0841	167.4720	 42.8506
  6.9200	 76.9434	169.0023	 43.0726
  6.9400	 77.8070	170.5498	 43.2946
  6.9600	 78.6752	172.1146	 43.5167
  6.9800	 79.5477	173.6968	 43.7387
  7.0000	 80.4247	175.2965	 43.9607
  7.0200	 81.2965	176.9138	 43.2146
  7.0400	 82.1533	178.5483	 42.4686
  7.0600	 82.9952	180.1998	 41.7225
  7.0800	 83.8222	181.8680	 40.9765
  7.1000	 84.6343	183.5526	 40.2304
  7.1200	 85.4314	185.2533	 39.4844
  7.1400	 86.2136	186.9698	 38.7383
  7.1600	 86.9809	188.7017	 37.9923
  7.1800	 87.7333	190.4489	 37.2462
  7.2000	 88.4708	192.2110	 36.5001
  7.2200	 89.1933	193.9876	 35.7541
  7.2400	 89.9009	195.7786	 35.0080
  7.2600	 90.5936	197.5836	 34.2620
  7.2800	 91.2714	199.4022	 33.5159
  7.3000	 91.9343	201.2343	 32.7699
  7.3200	 92.5822	203.0795	 32.0238
  7.3400	 93.2152	204.9375	 31.2777
  7.3600	 93.8333	206.8080	 30.5317
  7.3800	 94.4365	208.6908	 29.7856
  7.4000	 95.0248	210.5854	 29.0396
  7.4200	 95.5981	212.4916	 28.2935
  7.4400	 96.1565	214.4092	 27.5475
  7.4600	 96.7000	216.3378	 26.8014
  7.4800	 97.2286	218.2771	 26.0554
  7.5000	 97.7422	220.2268	 25.3093
  7.5200	 98.2409	222.1867	 24.5632
  7.5400	 98.7247	224.1564	 23.8172
  7.5600	 99.1936	226.1356	 23.0711
  7.5800	 99.6476	228.1240	 22.3251
  7.6000	100.0866	230.1214	 21.5790
  7.6200	100.5107	232.1274	 20.8330
  7.6400	100.9199	234.1417	 20.0869
  7.6600	101.3142	236.1641	 19.3409
  7.6800	101.6936	238.1942	 18.5948
  7.7000	102.0580	240.2317	 17.8487
  7.7200	102.4075	242.2764	 17.1027
  7.7400	102.7421	244.3279	 16.3566
  7.7600	103.0618	246.3860	 15.6106
  7.7800	103.3665	248.4503	 14.8645
  7.8000	103.6564	250.5206	 14.1185
  7.8200	103.9313	252.5965	 13.3724
  7.8400	104.1913	254.6777	 12.6263
  7.8600	104.4363	256.7640	 11.8803
  7.8800	104.6665	258.8551	 11.1342
  7.9000	104.8817	260.9506	 10.3882
  7.9200	105.0820	263.0502	  9.6421
  7.9400	105.2674	265.1538	  8.8961
  7.9600	105.4378	267.2608	  8.1500
  7.9800	105.5934	269.3712	  7.4040
  8.0000	105.7340	271.4845	  6.6579
  8.0200	105.8663	273.6005	  6.5743
  8.0400	105.9970	275.7191	  6.4908
  8.0600	106.1260	277.8403	  6.4072
  8.0800	106.2533	279.9641	  6.3237
  8.1000	106.3789	282.0905	  6.2401
  8.1200	106.5029	284.2193	  6.1566
  8.1400	106.6252	286.3506	  6.0730
  8.1600	106.7458	288.4843	  5.9895
  8.1800	106.8647	290.6204	  5.9059
  8.2000	106.9820	292.7589	  5.8223
  8.2200	107.0976	294.8997	  5.7388
  8.2400	107.2116	297.0427	  5.6552
  8.2600	107.3238	299.1881	  5.5717
  8.2800	107.4344	301.3357	  5.4881
  8.3000	107.5434	303.4855	  5.4046
  8.3200	107.6506	305.6374	  5.3210
  8.3400	107.7562	307.7915	  5.2374
  8.3600	107.8601	309.9477	  5.1539
  8.3800	107.9624	312.1059	  5.0703
  8.4000	108.0629	314.2661	  4.9868
  8.4200	108.1618	316.4284	  4.9032
  8.4400	108.2591	318.5926	  4.8197
  8.4600	108.3546	320.7587	  4.7361
  8.4800	108.4485	322.9268	  4.6526
  8.5000	108.5407	325.0967	  4.5690
  8.5200	108.6313	327.2684	  4.4854
  8.5400	108.7201	329.4419	  4.4019
  8.5600	108.8073	331.6172	  4.3183
  8.5800	108.8929	333.7942	  4.2348
  8.6000	108.9767	335.9729	  4.1512
  8.6200	109.0589	338.1532	  4.0677
  8.6400	109.1394	340.3352	  3.9841
  8.6600	109.2183	342.5188	  3.9006
  8.6800	109.2955	344.7040	  3.8170
  8.7000	109.3710	346.8906	  3.7334
  8.7200	109.4448	349.0788	  3.6499
  8.7400	109.5170	351.2684	  3.5663
  8.7600	109.5875	353.4594	  3.4828
  8.7800	109.6563	355.6519	  3.3992
  8.8000	109.7234	357.8457	  3.3157
  8.8200	109.7889	360.0408	  3.2321
  8.8400	109.8527	362.2372	  3.1485
  8.8600	109.9148	364.4349	  3.0650
  8.8800	109.9753	366.6338	  2.9814
  8.9000	110.0341	368.8339	  2.8979
  8.9200	110.0912	371.0352	  2.8143
  8.9400	110.1467	373.2376	  2.7308
  8.9600	110.2005	375.4410	  2.6472
  8.9800	110.2526	377.6456	  2.5637
  9.0000	110.3030	379.8511	  2.4801
