0 9.86862419 9.86960440
1 39.46273615 39.47841760
2 88.74706800 88.82643961
3 157.66288668 157.91367042
4 246.12806390 246.74011003
5 354.03717405 355.30575844
6 481.26161979 483.61061565
7 627.64978535 631.65468167
8 793.02721719 799.43795649
9 977.19683189 986.96044011
10 1179.93915104 1194.22213253
11 1401.01256280 1421.22303376
12 1640.15360980 1667.96314378
13 1897.07730313 1934.44246261
14 2171.47746198 2220.66099025
15 2463.02707848 2526.61872668
16 2771.37870745 2852.31567191
17 3096.16488044 3197.75182595
18 3436.99854361 3562.92718879
19 3793.47351905 3947.84176044
20 4165.16498879 4352.49554088
21 4551.63000109 4776.88853013


0                 0
0.010989010989011 0.005117012866632
0.021978021978022 0.010227927638864
0.032967032967033 0.015326653780208
0.043956043956044 0.020407114603767
0.054945054945055 0.025463256118296
0.065934065934066 0.030489052409590
0.076923076923077 0.035478514544730
0.087912087912088 0.040425696071468
0.098901098901099 0.045324701689224
0.109890109890110 0.050169692738468
0.120879120879121 0.054954895910682
0.131868131868132 0.059674608172015
0.142857142857143 0.064323205132946
0.153846153846154 0.068895146712175
0.164835164835165 0.073384984756467
0.175824175824176 0.077787368579368
0.186813186813187 0.082097051720896
0.197802197802198 0.086308898179105
0.208791208791209 0.090417888668287
0.219780219780220 0.094419126518527
0.230769230769231 0.098307843365170
0.241758241758242 0.102079404894266
0.252747252747253 0.105729316451455
0.263736263736264 0.109253228358428
0.274725274725275 0.112646941184226
0.285714285714286 0.115906410453343
0.296703296703297 0.119027751926900
0.307692307692308 0.122007245656421
0.318681318681319 0.124841341113591
0.329670329670330 0.127526660667074
0.340659340659341 0.130060004403749
0.351648351648352 0.132438353119237
0.362637362637363 0.134658872637262
0.373626373626374 0.136718916622655
0.384615384615385 0.138616030120066
0.395604395604396 0.140347952282950
0.406593406593407 0.141912619182233
0.417582417582418 0.143308166153077
0.428571428571429 0.144532929959291
0.439560439560440 0.145585451186456
0.450549450549451 0.146464475393588
0.461538461538462 0.147168955153295
0.472527472527473 0.147698050796919
0.483516483516484 0.148051131951017
0.494505494505495 0.148227777741094
0.505494505494505 0.148227777680187
0.516483516483517 0.148051131847300
0.527472527472527 0.147698050712086
0.538461538461538 0.147168955035828
0.549450549450550 0.146464475277450
0.560439560439560 0.145585451107301
0.571428571428571 0.144532929923180
0.582417582417582 0.143308166160276
0.593406593406593 0.141912619245935
0.604395604395604 0.140347952358804
0.615384615384615 0.138616030099119
0.626373626373626 0.136718916565007
0.637362637362637 0.134658872543959
0.648351648351648 0.132438352935863
0.659340659340659 0.130060004067849
0.670329670329670 0.127526660288903
0.681318681318681 0.124841340720848
0.692307692307692 0.122007245324344
0.703296703296703 0.119027751593119
0.714285714285714 0.115906410183482
0.725274725274725 0.112646940964054
0.736263736263736 0.109253228300833
0.747252747252747 0.105729316410570
0.758241758241758 0.102079404868788
0.769230769230769 0.098307843276451
0.780219780219780 0.094419126509996
0.791208791208791 0.090417888638498
0.802197802197802 0.086308898172504
0.813186813186813 0.082097051641634
0.824175824175824 0.077787368619705
0.835164835164835 0.073384984915318
0.846153846153846 0.068895147014986
0.857142857142857 0.064323205423533
0.868131868131868 0.059674608599082
0.879120879120879 0.054954896436504
0.890109890109890 0.050169693341814
0.901098901098901 0.045324702179054
0.912087912087912 0.040425696543625
0.923076923076923 0.035478514964103
0.934065934065934 0.030489052753402
0.945054945054945 0.025463256365492
0.956043956043956 0.020407114787077
0.967032967032967 0.015326653823159
0.978021978021978 0.010227927722542
0.989010989010989 0.005117012918942
1                 0


0                 0
0.010989010989011 0.010227927937959
0.021978021978022 0.020407115098554
0.032967032967033 0.030489052194464
0.043956043956044 0.040425695977410
0.054945054945055 0.050169692616801
0.065934065934066 0.059674608097517
0.076923076923077 0.068895147098884
0.087912087912088 0.077787368690909
0.098901098901099 0.086308898094602
0.109890109890110 0.094419126480463
0.120879120879121 0.102079405051746
0.131868131868132 0.109253228724119
0.142857142857143 0.115906410412351
0.153846153846154 0.122007245453845
0.164835164835165 0.127526660715930
0.175824175824176 0.132438353200843
0.186813186813187 0.136718916787966
0.197802197802198 0.140347952322726
0.208791208791209 0.143308165786726
0.219780219780220 0.145585450823234
0.230769230769231 0.147168954973786
0.241758241758242 0.148051132112153
0.252747252747253 0.148227777810816
0.263736263736264 0.147698050592907
0.274725274725275 0.146464475152764
0.285714285714286 0.144532929681607
0.296703296703297 0.141912618927215
0.307692307692308 0.138616030181462
0.318681318681319 0.134658872808455
0.329670329670330 0.130060004444584
0.340659340659341 0.124841341030772
0.351648351648352 0.119027751861056
0.362637362637363 0.112646941259772
0.373626373626374 0.105729316525031
0.384615384615385 0.098307843541211
0.395604395604396 0.090417888959901
0.406593406593407 0.082097051643416
0.417582417582418 0.073384984699022
0.428571428571429 0.064323205019416
0.439560439560440 0.054954895779468
0.450549450549451 0.045324701490583
0.461538461538462 0.035478514500811
0.472527472527473 0.025463256285126
0.483516483516484 0.015326653868015
0.494505494505495 0.005117012800757
0.505494505494505 -0.005117012895536
0.516483516483517 -0.015326653782661
0.527472527472527 -0.025463256142969
0.538461538461538 -0.035478514320482
0.549450549450550 -0.045324701529442
0.560439560439560 -0.054954896063055
0.571428571428571 -0.064323205302930
0.582417582417582 -0.073384984828925
0.593406593406593 -0.082097051553686
0.604395604395604 -0.090417888741428
0.615384615384615 -0.098307843477847
0.626373626373626 -0.105729316501958
0.637362637362637 -0.112646941220848
0.648351648351648 -0.119027751788528
0.659340659340659 -0.124841340908976
0.670329670329670 -0.130060004469180
0.681318681318681 -0.134658872946942
0.692307692307692 -0.138616030233084
0.703296703296703 -0.141912618998991
0.714285714285714 -0.144532929671412
0.725274725274725 -0.146464475249359
0.736263736263736 -0.147698050713245
0.747252747252747 -0.148227777700784
0.758241758241758 -0.148051131826359
0.769230769230769 -0.147168954727160
0.780219780219780 -0.145585450752944
0.791208791208791 -0.143308166060340
0.802197802197802 -0.140347952464375
0.813186813186813 -0.136718916738089
0.824175824175824 -0.132438353174854
0.835164835164835 -0.127526660747996
0.846153846153846 -0.122007245664322
0.857142857142857 -0.115906410456490
0.868131868131868 -0.109253228516123
0.879120879120879 -0.102079405034333
0.890109890109890 -0.094419126533087
0.901098901098901 -0.086308898136950
0.912087912087912 -0.077787368647712
0.923076923076923 -0.068895146748714
0.934065934065934 -0.059674608128698
0.945054945054945 -0.050169692889301
0.956043956043956 -0.040425696192299
0.967032967032967 -0.030489052476191
0.978021978021978 -0.020407114684271
0.989010989010989 -0.010227927799252
1                 0


0                 0
0.010989010989011 0.015326653865143
0.021978021978022 0.030489052168409
0.032967032967033 0.045324701734673
0.043956043956044 0.059674607850111
0.054945054945055 0.073384985016062
0.065934065934066 0.086308898208216
0.076923076923077 0.098307843338819
0.087912087912088 0.109253228447708
0.098901098901099 0.119027752010288
0.109890109890110 0.127526661103721
0.120879120879121 0.134658872813924
0.131868131868132 0.140347952217722
0.142857142857143 0.144532929783016
0.153846153846154 0.147168955135088
0.164835164835165 0.148227777755149
0.175824175824176 0.147698050345661
0.186813186813187 0.145585450767829
0.197802197802198 0.141912619183663
0.208791208791209 0.136718917017280
0.219780219780220 0.130060004498797
0.230769230769231 0.122007245596554
0.241758241758242 0.112646941194454
0.252747252747253 0.102079405173344
0.263736263736264 0.090417889020275
0.274725274725275 0.077787368708257
0.285714285714286 0.064323204939588
0.296703296703297 0.050169692785465
0.307692307692308 0.035478514635175
0.318681318681319 0.020407114661812
0.329670329670330 0.005117012700031
0.340659340659341 -0.010227927845068
0.351648351648352 -0.025463256221426
0.362637362637363 -0.040425696058814
0.373626373626374 -0.054954895945060
0.384615384615385 -0.068895146766494
0.395604395604396 -0.082097051819668
0.406593406593407 -0.094419126688757
0.417582417582418 -0.105729316385713
0.428571428571429 -0.115906410510221
0.439560439560440 -0.124841341313266
0.450549450549451 -0.132438353408703
0.461538461538462 -0.138616030370351
0.472527472527473 -0.143308166117575
0.483516483516484 -0.146464475371417
0.494505494505495 -0.148051131983157
0.505494505494505 -0.148051131897564
0.516483516483517 -0.146464475212291
0.527472527472527 -0.143308165868489
0.538461538461538 -0.138616030295186
0.549450549450550 -0.132438353285451
0.560439560439560 -0.124841340955947
0.571428571428571 -0.115906410310097
0.582417582417582 -0.105729316412221
0.593406593406593 -0.094419126701304
0.604395604395604 -0.082097051639226
0.615384615384615 -0.068895146713760
0.626373626373626 -0.054954895787345
0.637362637362637 -0.040425695915882
0.648351648351648 -0.025463256088747
0.659340659340659 -0.010227927523013
0.670329670329670 0.005117013143032
0.681318681318681 0.020407114979758
0.692307692307692 0.035478514733825
0.703296703296703 0.050169693036837
0.714285714285714 0.064323205187846
0.725274725274725 0.077787368787731
0.736263736263736 0.090417888873688
0.747252747252747 0.102079405119287
0.758241758241758 0.112646941033448
0.769230769230769 0.122007245552600
0.780219780219780 0.130060004543033
0.791208791208791 0.136718916749335
0.802197802197802 0.141912619149331
0.813186813186813 0.145585450763363
0.824175824175824 0.147698050514365
0.835164835164835 0.148227777523594
0.846153846153846 0.147168954827087
0.857142857142857 0.144532929675808
0.868131868131868 0.140347951971592
0.879120879120879 0.134658872475615
0.890109890109890 0.127526660536132
0.901098901098901 0.119027751640064
0.912087912087912 0.109253228193193
0.923076923076923 0.098307843131231
0.934065934065934 0.086308898011752
0.945054945054945 0.073384984684785
0.956043956043956 0.059674608097896
0.967032967032967 0.045324701660081
0.978021978021978 0.030489052353804
0.989010989010989 0.015326653657525
1                 0


0     0
0.020 0.062790519529313
0.040 0.125333233564304
0.060 0.187381314585725
0.080 0.248689887164855
0.100 0.309016994374947
0.120 0.368124552684678
0.140 0.425779291565073
0.160 0.481753674101715
0.180 0.535826794978997
0.200 0.587785252292473
0.220 0.637423989748690
0.240 0.684547105928689
0.260 0.728968627421411
0.280 0.770513242775789
0.300 0.809016994374947
0.320 0.844327925502015
0.340 0.876306680043864
0.360 0.904827052466020
0.380 0.929776485888251
0.400 0.951056516295154
0.420 0.968583161128631
0.440 0.982287250728689
0.460 0.992114701314478
0.480 0.998026728428272
0.500 1.000000000000000
0.520 0.998026728428272
0.540 0.992114701314478
0.560 0.982287250728689
0.580 0.968583161128631
0.600 0.951056516295153
0.620 0.929776485888251
0.640 0.904827052466019
0.660 0.876306680043863
0.680 0.844327925502015
0.700 0.809016994374947
0.720 0.770513242775789
0.740 0.728968627421411
0.760 0.684547105928688
0.780 0.637423989748689
0.800 0.587785252292472
0.820 0.535826794978996
0.840 0.481753674101714
0.860 0.425779291565072
0.880 0.368124552684677
0.900 0.309016994374946
0.920 0.248689887164854
0.940 0.187381314585723
0.960 0.125333233564303
0.980 0.062790519529312
1     0


0     0
0.020 0.125333233564304
0.040 0.248689887164855
0.060 0.368124552684678
0.080 0.481753674101715
0.100 0.587785252292473
0.120 0.684547105928689
0.140 0.770513242775789
0.160 0.844327925502015
0.180 0.904827052466020
0.200 0.951056516295154
0.220 0.982287250728689
0.240 0.998026728428272
0.260 0.998026728428272
0.280 0.982287250728689
0.300 0.951056516295154
0.320 0.904827052466019
0.340 0.844327925502015
0.360 0.770513242775789
0.380 0.684547105928689
0.400 0.587785252292473
0.420 0.481753674101715
0.440 0.368124552684677
0.460 0.248689887164854
0.480 0.125333233564303
0.500 -0.000000000000001
0.520 -0.125333233564305
0.540 -0.248689887164855
0.560 -0.368124552684679
0.580 -0.481753674101716
0.600 -0.587785252292474
0.620 -0.684547105928690
0.640 -0.770513242775790
0.660 -0.844327925502016
0.680 -0.904827052466020
0.700 -0.951056516295154
0.720 -0.982287250728689
0.740 -0.998026728428272
0.760 -0.998026728428271
0.780 -0.982287250728688
0.800 -0.951056516295153
0.820 -0.904827052466018
0.840 -0.844327925502014
0.860 -0.770513242775788
0.880 -0.684547105928687
0.900 -0.587785252292471
0.920 -0.481753674101713
0.940 -0.368124552684675
0.960 -0.248689887164852
0.980 -0.125333233564301
1     0


0     0
0.020 0.187381314585725
0.040 0.368124552684678
0.060 0.535826794978997
0.080 0.684547105928689
0.100 0.809016994374947
0.120 0.904827052466020
0.140 0.968583161128631
0.160 0.998026728428272
0.180 0.992114701314478
0.200 0.951056516295154
0.220 0.876306680043864
0.240 0.770513242775789
0.260 0.637423989748690
0.280 0.481753674101716
0.300 0.309016994374948
0.320 0.125333233564305
0.340 -0.062790519529313
0.360 -0.248689887164855
0.380 -0.425779291565073
0.400 -0.587785252292473
0.420 -0.728968627421412
0.440 -0.844327925502015
0.460 -0.929776485888252
0.480 -0.982287250728689
0.500 -1.000000000000000
0.520 -0.982287250728688
0.540 -0.929776485888251
0.560 -0.844327925502014
0.580 -0.728968627421410
0.600 -0.587785252292471
0.620 -0.425779291565071
0.640 -0.248689887164853
0.660 -0.062790519529311
0.680 0.125333233564307
0.700 0.309016994374950
0.720 0.481753674101718
0.740 0.637423989748692
0.760 0.770513242775792
0.780 0.876306680043865
0.800 0.951056516295155
0.820 0.992114701314478
0.840 0.998026728428271
0.860 0.968583161128630
0.880 0.904827052466018
0.900 0.809016994374944
0.920 0.684547105928686
0.940 0.535826794978993
0.960 0.368124552684673
0.980 0.187381314585720
1     0
