-3.000      -0.99997789
-2.900      -0.99995888
-2.800      -0.99992495
-2.700      -0.99986562
-2.600      -0.99976390
-2.500      -0.99959296
-2.400      -0.99931138
-2.300      -0.99885670
-2.200      -0.99813702
-2.100      -0.99702040
-2.000      -0.99532214
-1.900      -0.99279033
-1.800      -0.98909045
-1.700      -0.98379047
-1.600      -0.97634846
-1.500      -0.96610527
-1.400      -0.95228526
-1.300      -0.93400806
-1.200      -0.91031404
-1.100      -0.88020504
-1.000      -0.84270069
-0.900      -0.79690807
-0.800      -0.74210086
-0.700      -0.67780118
-0.600      -0.60385618
-0.500      -0.52050002
-0.400      -0.42839242
-0.300      -0.32862668
-0.200      -0.22270246
-0.100      -0.11246297
 0.000       0.00000000
 0.100       0.11246297
 0.200       0.22270246
 0.300       0.32862668
 0.400       0.42839242
 0.500       0.52050002
 0.600       0.60385618
 0.700       0.67780118
 0.800       0.74210086
 0.900       0.79690807
 1.000       0.84270069
 1.100       0.88020504
 1.200       0.91031404
 1.300       0.93400806
 1.400       0.95228526
 1.500       0.96610527
 1.600       0.97634846
 1.700       0.98379047
 1.800       0.98909045
 1.900       0.99279033
 2.000       0.99532214
 2.100       0.99702040
 2.200       0.99813702
 2.300       0.99885670
 2.400       0.99931138
 2.500       0.99959296
 2.600       0.99976390
 2.700       0.99986562
 2.800       0.99992495
 2.900       0.99995888
