0.00000000	1.00000000
0.00100000	0.99950001
0.00300000	0.99850005
0.00700000	0.99650027
0.01500000	0.99250140
0.03100000	0.98450724
0.06300000	0.96854026
0.11671549	0.94184011
0.18198061	0.90966652
0.25229305	0.87547854
0.32479643	0.84091122
0.39844672	0.80669205
0.47295485	0.77317750
0.54833421	0.74058643
0.62472712	0.70909299
0.70234477	0.67886367
0.78145264	0.65007355
0.86237649	0.62291602
0.94532545	0.59766830
1.02753242	0.57539995
1.10817628	0.55636254
1.18719604	0.54052445
1.26478203	0.52778097
1.34118387	0.51802449
1.41664656	0.51116356
1.49139396	0.50712523
1.56562848	0.50585305
1.63953541	0.50730438
1.71328811	0.51144829
1.78705299	0.51826402
1.86099403	0.52774011
1.93527725	0.53987403
2.01007517	0.55467233
2.08557176	0.57215133
2.16196826	0.59233843
2.23949050	0.61527424
2.31839850	0.64101573
2.39899978	0.66964121
2.48166867	0.70125779
2.56478065	0.73513411
2.64666515	0.77033587
2.72694252	0.80638077
2.80570247	0.84299835
2.88317392	0.88001060
2.95960671	0.91727842
3.03523546	0.95467864
3.11027270	0.99209438
3.18491146	1.02941079
3.25987148	1.06678201
3.33565674	1.10424749
3.41255167	1.14172029
3.49076739	1.17905516
3.57049942	1.21607284
3.65195355	1.25256757
3.73536110	1.28830772
3.82099228	1.32303299
3.90917220	1.35644920
3.99904628	1.38780254
4.08735344	1.41571290
4.17325154	1.43990497
4.25680729	1.46047298
4.33835257	1.47759256
4.41825340	1.49142953
4.49684179	1.50211915
4.57440441	1.50976683
4.65118837	1.51445361
4.72741042	1.51624134
4.80326550	1.51517677
4.87893400	1.51129434
4.95458775	1.50461802
5.03039517	1.49516246
5.10652611	1.48293339
5.18315661	1.46792759
5.26047414	1.45013224
5.33868368	1.42952358
5.41801535	1.40606480
5.49873442	1.37970270
5.58115524	1.35036266
5.66566151	1.31794085
5.75273704	1.28229185
5.84242920	1.24346842
5.93108787	1.20328991
6.01753178	1.16268472
6.10157087	1.12213875
6.18335621	1.08193548
6.26312976	1.04226690
6.34113809	1.00328131
6.41760790	0.96510331
6.49341314	0.92751163
6.56904762	0.89046879
6.64480269	0.85404034
6.72089784	0.81833379
6.79753251	0.78347647
6.87490923	0.74960848
6.95324674	0.71688157
7.03279098	0.68546079
7.11382734	0.65552798
7.19669706	0.62728693
7.28182111	0.60097106
7.36661595	0.57765581
7.44989155	0.55773466
7.53146905	0.54121203
7.61151788	0.52798367
7.69029913	0.51793344
7.76807759	0.51096082
7.84509738	0.50698552
7.92157956	0.50594565
7.99772642	0.50779482
8.07372725	0.51249977
8.14976390	0.52003861
8.22601607	0.53039986
8.30266642	0.54358209
8.37990583	0.55959420
8.45793935	0.57845628
8.53699325	0.60020131
8.61732406	0.62487789
8.69923077	0.65255437
8.78307212	0.68332532
8.86918735	0.71727886
8.95454959	0.75304166
9.03826370	0.78990229
9.12026814	0.82748082
9.20077473	0.86554704
9.28005789	0.90393452
9.35838523	0.94250314
9.43600033	0.98112315
9.51312295	1.01966849
9.59032931	1.05820029
9.66829304	1.09682508
9.74736914	1.13547350
9.82780289	1.17399804
9.90981112	1.21220836
9.99361726	1.24988278
10.07947063	1.28677011
10.16766225	1.32258694
10.25854302	1.35701189
10.35129130	1.38926073
10.44240373	1.41784547
10.53097993	1.44247320
10.61709751	1.46324900
10.70111685	1.48036352
10.78343268	1.49399494
10.86440173	1.50428741
10.94433148	1.51135241
11.02348694	1.51527488
11.10210101	1.51611902
11.18038398	1.51393269
11.25853159	1.50875038
11.33673170	1.50059515
11.41517022	1.48947963
11.49403675	1.47540641
11.57353035	1.45836768
11.65386611	1.43834416
11.73528298	1.41530313
11.81805409	1.38919539
11.90250072	1.35995030
11.98901245	1.32746836
12.07807763	1.29160916
12.17033224	1.25217166
12.26230892	1.21085058
12.35217503	1.16887348
12.43951617	1.12687268
12.52442950	1.08520230
12.60716228	1.04409085
12.68798329	1.00370827
12.76714381	0.96419408
12.84558215	0.92531842
12.92383808	0.88704325
13.00223162	0.84944255
13.08100521	0.81263623
13.16038040	0.77676635
13.24058354	0.74198961
13.32186096	0.70847656
13.40449205	0.67641379
13.48880458	0.64600840
13.57519562	0.61749478
13.66342535	0.59135006
13.75069560	0.56864328
13.83622455	0.54959811
13.92000487	0.53415546
14.00227685	0.52219002
14.08333300	0.51358019
14.16345524	0.50822553
14.24290035	0.50604787
14.32190162	0.50698829
14.40067478	0.51100407
14.47942464	0.51806626
14.55835149	0.52815825
14.63765718	0.54127502
14.71755132	0.55742326
14.79825813	0.57662220
14.88002449	0.59890537
14.96313025	0.62432353
15.04790213	0.65294934
15.13473348	0.68488455
15.22396173	0.72020927
15.31237953	0.75745045
15.39905018	0.79584011
15.48392305	0.83496665
15.56723524	0.87457958
15.64928750	0.91449692
15.73037138	0.95456454
15.81075191	0.99463900
15.89066860	1.03458023
15.97102169	1.07458533
16.05236302	1.11466694
16.13501805	1.15470177
16.21923970	1.19450065
16.30527049	1.23383312
16.39337225	1.27243406
16.48384583	1.31000266
16.57705093	1.34619721
16.67343198	1.38062607
16.76880585	1.41139221
16.86158835	1.43790993
16.95166863	1.46022314
17.03939932	1.47853455
17.12521856	1.49304909
17.20953308	1.50393518
17.29269463	1.51132280
17.37500519	1.51531020
17.45672858	1.51597091
17.53810195	1.51335914
17.61934534	1.50751343
17.70066992	1.49845898
17.78228510	1.48620894
17.86440541	1.47076469
17.94725764	1.45211539
18.03108905	1.43023651
18.11617753	1.40508720
18.20284503	1.37660609
18.29147652	1.34470463
18.38254808	1.30925646
18.47667102	1.27008004
18.57273473	1.22778037
18.66726685	1.18423862
18.75922556	1.14042066
18.84851791	1.09683972
18.93536349	1.05380199
19.02005520	1.01151937
19.10288032	0.97015778
19.18471807	0.92955271
19.26626580	0.88961797
19.34791725	0.85042045
19.42995770	0.81208912
19.51264113	0.77478204
19.59622440	0.73867578
19.68098681	0.70396379
19.76724663	0.67085906
19.85538021	0.63959960
19.94584854	0.61045716
20.03759519	0.58418926
20.12810627	0.56172978
20.21675056	0.54323533
20.30359935	0.52861578
20.38893786	0.51773165
20.47308848	0.51045501
20.55635658	0.50668301
20.63902012	0.50633733
20.72133337	0.50936056
20.80353432	0.51571285
20.88585249	0.52536966
20.96851648	0.53832044
21.05176158	0.55456834
21.13583789	0.57413097
21.22101986	0.59704214
21.30761829	0.62335511
21.39599658	0.65314783
21.48659399	0.68653123
21.57978302	0.72358956
21.67209856	0.76271119
21.76254198	0.80304925
21.85107558	0.84414799
21.93797013	0.88572899
22.02356188	0.92758880
22.10817485	0.96955393
22.19210334	1.01146188
22.27585238	1.05327164
22.36037088	1.09516475
22.44614329	1.13707071
22.53349331	1.17880731
22.62270157	1.22013145
22.71405655	1.26075550
22.80788302	1.30034956
22.90456618	1.33853688
23.00458059	1.37488429
23.10470138	1.40770634
23.20235799	1.43597987
23.29712668	1.45963515
23.38931234	1.47887276
23.47938861	1.49392231
23.56781492	1.50497722
23.65499295	1.51218675
23.74126796	1.51566270
23.82694135	1.51548760
23.91228406	1.51172113
23.99754825	1.50440452
24.08297729	1.49356325
24.16881472	1.47920839
24.25531306	1.46133675
24.34274332	1.43992986
24.43140628	1.41495164
24.52164713	1.38634430
24.61387570	1.35402167
24.70859625	1.31785837
24.80645410	1.27767194
24.90756983	1.23352541
25.00738539	1.18775763
25.10445662	1.14158652
25.19859087	1.09565254
25.29001650	1.05032786
25.37906599	1.00586277
25.46607027	0.96244918
25.55215104	0.91984403
25.63800775	0.87800340
25.72405808	0.83702761
25.81062154	0.79707743
25.89799399	0.75834423
25.98648291	0.72104137
26.07643028	0.68540438
26.16823459	0.65169588
26.26237915	0.62021446
26.35943694	0.59131902
26.45558725	0.56651875
26.54972940	0.54614376
26.64182665	0.53012535
26.73218289	0.51830268
26.82117351	0.51052118
26.90916018	0.50665612
26.99647230	0.50661337
27.08341031	0.51032505
27.17025478	0.51774518
27.25727645	0.52884666
27.34474618	0.54361972
27.43294489	0.56207166
27.52217471	0.58422802
27.61277215	0.61013533
27.70512553	0.63986598
27.79969932	0.67352633
27.89707061	0.71127001
27.99501748	0.75204384
28.09134973	0.79451874
28.18563150	0.83799365
28.27805084	0.88206921
28.36896807	0.92647713
28.45875969	0.97100219
28.54777512	1.01544877
28.63667250	1.05979576
28.72648766	1.10420970
28.81776420	1.14858416
28.91087862	1.19268789
29.00616803	1.23621777
29.10398781	1.27881461
29.20474704	1.32006341
29.30894221	1.35948495
29.41603107	1.39614265
29.52115959	1.42793362
29.62310713	1.45446753
29.72201826	1.47591259
29.81841567	1.49254239
29.91285496	1.50460068
30.00583089	1.51227640
30.09776790	1.51570936
30.18903390	1.51500076
30.27995755	1.51022206
30.37084395	1.50142099
30.46198812	1.48862518
30.55368735	1.47184387
30.64625342	1.45106779
30.74002631	1.42626747
30.83539114	1.39738935
30.93280098	1.36434895
31.03281025	1.32701963
31.13612661	1.28521334
31.24369814	1.23864705
31.35062882	1.18979909
31.45470961	1.14032185
31.55552750	1.09107704
31.65329607	1.04254939
31.74839634	0.99505226
31.84133552	0.94876137
31.93348891	0.90337447
32.02555878	0.85891693
32.11800243	0.81554497
32.21119785	0.77347355
32.30551479	0.73295214
32.40135313	0.69425980
32.49917353	0.65770934
32.59953307	0.62365771
32.70313678	0.59252341
32.80646320	0.56586233
32.90776407	0.54425130
33.00683509	0.52766383
33.10398928	0.51592175
33.19966356	0.50884452
33.29429067	0.50628689
33.38826899	0.50814175
33.48196496	0.51433510
33.57572479	0.52482075
33.66988802	0.53957686
33.76480173	0.55860458
33.86083577	0.58192867
33.95840086	0.60960057
34.05797200	0.64170434
34.16012183	0.67836722
34.26557147	0.71977752
34.37136653	0.76450885
34.47526218	0.81106609
34.57689285	0.85865161
34.67654203	0.90680232
34.77465977	0.95519826
34.87170186	1.00357523
34.96817566	1.05173005
35.06554851	1.09994843
35.16456584	1.14812475
35.26572639	1.19597489
35.36946788	1.24311203
35.47625104	1.28906914
35.58661212	1.33329827
35.70121476	1.37515660
35.81727542	1.41278125
35.93058479	1.44441792
36.04034202	1.46988651
36.14693241	1.48945872
36.25102123	1.50345405
36.35325954	1.51213394
36.45421704	1.51569107
36.55438634	1.51426119
36.65420464	1.50793618
36.75407658	1.49677346
36.85439499	1.48080161
36.95556033	1.46002268
37.05800089	1.43441159
37.16219643	1.40391231
37.26870944	1.36843000
37.37823050	1.32781677
37.49165022	1.28184663
37.61018308	1.23016941
37.72798299	1.17582123
37.84244849	1.12085449
37.95314061	1.06634503
38.06036240	1.01289703
38.16460549	0.96090007
38.26738690	0.91014396
38.36986898	0.86056700
38.47275250	0.81234691
38.57658376	0.76576751
38.68188419	0.72117317
38.78921905	0.67895917
38.89925220	0.63957922
39.01281223	0.60356572
39.12886697	0.57208984
39.24334528	0.54672366
39.35530132	0.52769169
39.46494573	0.51481732
39.57282082	0.50786802
39.67951412	0.50665203
39.78558094	0.51103357
39.89153910	0.52092735
39.99788572	0.53629098
40.10512049	0.55712043
40.21377196	0.58344932
40.32442902	0.61535265
40.43778243	0.65295621
40.55468575	0.69645471
40.67609649	0.74607800
40.79637501	0.79900713
40.91402759	0.85368449
41.02916096	0.90925161
41.14236036	0.96516688
41.25429032	1.02101271
41.36616327	1.07669717
41.47970313	1.13237496
41.59588167	1.18774679
41.71544076	1.24227749
41.83911215	1.29526611
41.96773975	1.34585320
42.10239040	1.39299335
42.23747276	1.43348650
42.36884788	1.46565623
42.49611715	1.48952435
42.62005800	1.50550472
42.74165453	1.51398471
42.86182111	1.51524049
42.98136452	1.50944456
43.10101425	1.49668765
43.22146691	1.47699530
43.34343271	1.45033600
43.46768567	1.41662095
43.59512592	1.37569456
43.72686907	1.32731226
43.86439186	1.27109600
44.00980011	1.20644428
44.15417057	1.13824614
44.29424610	1.06957405
44.42971265	1.00206655
44.56121162	0.93666652
44.69171755	0.87299033
44.82297438	0.81126103
44.95625449	0.75202563
45.09275942	0.69603050
45.23384606	0.64420737
45.38123748	0.59772542
45.53552432	0.55851467
45.68933652	0.52993982
45.84121592	0.51267896
45.99194561	0.50670150
46.14300397	0.51199294
46.29610618	0.52875713
46.45319137	0.55747911
46.61662475	0.59899712
46.78962431	0.65466566
46.97717931	0.72675020
47.12388980	0.79007474
