0.410212717675703	0.358592297583163
0.410212717675703	0.358592297583163
0.410212717675703	0.358592297583163
0.410212717675703	0.358592297583163
0.410212717675703	0.358592297583163
0.410212717675703	0.358592297583163
0.410212717675703	0.358592297583163
0.410212717675703	0.358592297583163
0.410212717675703	0.358592297583163
0.410212717675703	0.358592297583163
0.410212717675703	0.358592297583163
0.410212717675703	0.358592297583163
0.410212717675703	0.358592297583163
0.410212717675703	0.358592297583163
0.410212717675703	0.358592297583163
0.410212717675703	0.358592297583163
0.410212717675703	0.358592297583163
0.410212717675703	0.358592297583163
0.410212717675703	0.358592297583163
0.410212717675703	0.358592297583163
0.410212717675703	0.358592297583163
0.410212717675703	0.358592297583163
0.410212717675703	0.358592297583163
0.410212717675703	0.358592297583163
0.410212717675703	0.358592297583163
-0.633399199523683	0.0786918490560222
-0.633399199523683	0.0786918490560222
-0.633399199523683	0.0786918490560222
-0.633399199523683	0.0786918490560222
-0.633399199523683	0.0786918490560222
-0.633399199523683	0.0786918490560222
-0.633399199523683	0.0786918490560222
-0.633399199523683	0.0786918490560222
-0.633399199523683	0.0786918490560222
-0.633399199523683	0.0786918490560222
-0.633399199523683	0.0786918490560222
-0.633399199523683	0.0786918490560222
-0.633399199523683	0.0786918490560222
-0.633399199523683	0.0786918490560222
-0.633399199523683	0.0786918490560222
-0.633399199523683	0.0786918490560222
-0.633399199523683	0.0786918490560222
-0.633399199523683	0.0786918490560222
-0.633399199523683	0.0786918490560222
-0.633399199523683	0.0786918490560222
-0.633399199523683	0.0786918490560222
-0.633399199523683	0.0786918490560222
-0.633399199523683	0.0786918490560222
-0.633399199523683	0.0786918490560222
-0.633399199523683	0.0786918490560222
-0.752222167212619	-0.949965663230962
-0.752222167212619	-0.949965663230962
-0.752222167212619	-0.949965663230962
-0.752222167212619	-0.949965663230962
-0.752222167212619	-0.949965663230962
-0.752222167212619	-0.949965663230962
-0.752222167212619	-0.949965663230962
-0.752222167212619	-0.949965663230962
-0.752222167212619	-0.949965663230962
-0.752222167212619	-0.949965663230962
-0.752222167212619	-0.949965663230962
-0.752222167212619	-0.949965663230962
-0.752222167212619	-0.949965663230962
-0.752222167212619	-0.949965663230962
-0.752222167212619	-0.949965663230962
-0.752222167212619	-0.949965663230962
-0.752222167212619	-0.949965663230962
-0.752222167212619	-0.949965663230962
-0.752222167212619	-0.949965663230962
-0.752222167212619	-0.949965663230962
-0.752222167212619	-0.949965663230962
-0.752222167212619	-0.949965663230962
-0.752222167212619	-0.949965663230962
-0.752222167212619	-0.949965663230962
-0.752222167212619	-0.949965663230962
-0.785795785386952	0.174318168859146
-0.785795785386952	0.174318168859146
-0.785795785386952	0.174318168859146
-0.785795785386952	0.174318168859146
-0.785795785386952	0.174318168859146
-0.785795785386952	0.174318168859146
-0.785795785386952	0.174318168859146
-0.785795785386952	0.174318168859146
-0.785795785386952	0.174318168859146
-0.785795785386952	0.174318168859146
-0.785795785386952	0.174318168859146
-0.785795785386952	0.174318168859146
-0.785795785386952	0.174318168859146
-0.785795785386952	0.174318168859146
-0.785795785386952	0.174318168859146
-0.785795785386952	0.174318168859146
-0.785795785386952	0.174318168859146
-0.785795785386952	0.174318168859146
-0.785795785386952	0.174318168859146
-0.785795785386952	0.174318168859146
-0.785795785386952	0.174318168859146
-0.785795785386952	0.174318168859146
-0.785795785386952	0.174318168859146
-0.785795785386952	0.174318168859146
-0.785795785386952	0.174318168859146
-0.885728389553599	0.606099871735135
-0.885728389553599	0.606099871735135
-0.885728389553599	0.606099871735135
-0.885728389553599	0.606099871735135
-0.885728389553599	0.606099871735135
-0.885728389553599	0.606099871735135
-0.885728389553599	0.606099871735135
-0.885728389553599	0.606099871735135
-0.885728389553599	0.606099871735135
-0.885728389553599	0.606099871735135
-0.885728389553599	0.606099871735135
-0.885728389553599	0.606099871735135
-0.885728389553599	0.606099871735135
-0.885728389553599	0.606099871735135
-0.885728389553599	0.606099871735135
-0.885728389553599	0.606099871735135
-0.885728389553599	0.606099871735135
-0.885728389553599	0.606099871735135
-0.885728389553599	0.606099871735135
-0.885728389553599	0.606099871735135
-0.885728389553599	0.606099871735135
-0.885728389553599	0.606099871735135
-0.885728389553599	0.606099871735135
-0.885728389553599	0.606099871735135
-0.885728389553599	0.606099871735135
-0.970098242469876	0.757856506741539
-0.970098242469876	0.757856506741539
-0.970098242469876	0.757856506741539
-0.970098242469876	0.757856506741539
-0.970098242469876	0.757856506741539
-0.970098242469876	0.757856506741539
-0.970098242469876	0.757856506741539
-0.970098242469876	0.757856506741539
-0.970098242469876	0.757856506741539
-0.970098242469876	0.757856506741539
-0.970098242469876	0.757856506741539
-0.970098242469876	0.757856506741539
-0.970098242469876	0.757856506741539
-0.970098242469876	0.757856506741539
-0.970098242469876	0.757856506741539
-0.970098242469876	0.757856506741539
-0.970098242469876	0.757856506741539
-0.970098242469876	0.757856506741539
-0.970098242469876	0.757856506741539
-0.970098242469876	0.757856506741539
-0.970098242469876	0.757856506741539
-0.970098242469876	0.757856506741539
-0.970098242469876	0.757856506741539
-0.970098242469876	0.757856506741539
-0.970098242469876	0.757856506741539
-0.895303656007305	-0.912431027699463
-0.895303656007305	-0.912431027699463
-0.895303656007305	-0.912431027699463
-0.895303656007305	-0.912431027699463
-0.895303656007305	-0.912431027699463
-0.895303656007305	-0.912431027699463
-0.895303656007305	-0.912431027699463
-0.895303656007305	-0.912431027699463
-0.895303656007305	-0.912431027699463
-0.895303656007305	-0.912431027699463
-0.895303656007305	-0.912431027699463
-0.895303656007305	-0.912431027699463
-0.895303656007305	-0.912431027699463
-0.895303656007305	-0.912431027699463
-0.895303656007305	-0.912431027699463
-0.895303656007305	-0.912431027699463
-0.895303656007305	-0.912431027699463
-0.895303656007305	-0.912431027699463
-0.895303656007305	-0.912431027699463
-0.895303656007305	-0.912431027699463
-0.895303656007305	-0.912431027699463
-0.895303656007305	-0.912431027699463
-0.895303656007305	-0.912431027699463
-0.895303656007305	-0.912431027699463
-0.895303656007305	-0.912431027699463
-0.795227485788161	0.594412470047554
-0.795227485788161	0.594412470047554
-0.795227485788161	0.594412470047554
-0.795227485788161	0.594412470047554
-0.795227485788161	0.594412470047554
-0.795227485788161	0.594412470047554
-0.795227485788161	0.594412470047554
-0.795227485788161	0.594412470047554
-0.795227485788161	0.594412470047554
-0.795227485788161	0.594412470047554
-0.795227485788161	0.594412470047554
-0.795227485788161	0.594412470047554
-0.795227485788161	0.594412470047554
-0.795227485788161	0.594412470047554
-0.795227485788161	0.594412470047554
-0.795227485788161	0.594412470047554
-0.795227485788161	0.594412470047554
-0.795227485788161	0.594412470047554
-0.795227485788161	0.594412470047554
-0.795227485788161	0.594412470047554
-0.795227485788161	0.594412470047554
-0.795227485788161	0.594412470047554
-0.795227485788161	0.594412470047554
-0.795227485788161	0.594412470047554
-0.795227485788161	0.594412470047554
-0.82145161484785	-0.0959686409197602
-0.82145161484785	-0.0959686409197602
-0.82145161484785	-0.0959686409197602
-0.82145161484785	-0.0959686409197602
-0.82145161484785	-0.0959686409197602
-0.82145161484785	-0.0959686409197602
-0.82145161484785	-0.0959686409197602
-0.82145161484785	-0.0959686409197602
-0.82145161484785	-0.0959686409197602
-0.82145161484785	-0.0959686409197602
-0.82145161484785	-0.0959686409197602
-0.82145161484785	-0.0959686409197602
-0.82145161484785	-0.0959686409197602
-0.82145161484785	-0.0959686409197602
-0.82145161484785	-0.0959686409197602
-0.82145161484785	-0.0959686409197602
-0.82145161484785	-0.0959686409197602
-0.82145161484785	-0.0959686409197602
-0.82145161484785	-0.0959686409197602
-0.82145161484785	-0.0959686409197602
-0.82145161484785	-0.0959686409197602
-0.82145161484785	-0.0959686409197602
-0.82145161484785	-0.0959686409197602
-0.82145161484785	-0.0959686409197602
-0.82145161484785	-0.0959686409197602
-0.752993484378324	-0.67113310083334
-0.752993484378324	-0.67113310083334
-0.752993484378324	-0.67113310083334
-0.752993484378324	-0.67113310083334
-0.752993484378324	-0.67113310083334
-0.752993484378324	-0.67113310083334
-0.752993484378324	-0.67113310083334
-0.752993484378324	-0.67113310083334
-0.752993484378324	-0.67113310083334
-0.752993484378324	-0.67113310083334
-0.752993484378324	-0.67113310083334
-0.752993484378324	-0.67113310083334
-0.752993484378324	-0.67113310083334
-0.752993484378324	-0.67113310083334
-0.752993484378324	-0.67113310083334
-0.752993484378324	-0.67113310083334
-0.752993484378324	-0.67113310083334
-0.752993484378324	-0.67113310083334
-0.752993484378324	-0.67113310083334
-0.752993484378324	-0.67113310083334
-0.752993484378324	-0.67113310083334
-0.752993484378324	-0.67113310083334
-0.752993484378324	-0.67113310083334
-0.752993484378324	-0.67113310083334
-0.752993484378324	-0.67113310083334
-0.61060576320654	0.747863386640262
-0.61060576320654	0.747863386640262
-0.61060576320654	0.747863386640262
-0.61060576320654	0.747863386640262
-0.61060576320654	0.747863386640262
-0.61060576320654	0.747863386640262
-0.61060576320654	0.747863386640262
-0.61060576320654	0.747863386640262
-0.61060576320654	0.747863386640262
-0.61060576320654	0.747863386640262
-0.61060576320654	0.747863386640262
-0.61060576320654	0.747863386640262
-0.61060576320654	0.747863386640262
-0.61060576320654	0.747863386640262
-0.61060576320654	0.747863386640262
-0.61060576320654	0.747863386640262
-0.61060576320654	0.747863386640262
-0.61060576320654	0.747863386640262
-0.61060576320654	0.747863386640262
-0.61060576320654	0.747863386640262
-0.61060576320654	0.747863386640262
-0.61060576320654	0.747863386640262
-0.61060576320654	0.747863386640262
-0.61060576320654	0.747863386640262
-0.61060576320654	0.747863386640262
-0.712706273404279	0.193085867535828
-0.712706273404279	0.193085867535828
-0.712706273404279	0.193085867535828
-0.712706273404279	0.193085867535828
-0.712706273404279	0.193085867535828
-0.712706273404279	0.193085867535828
-0.712706273404279	0.193085867535828
-0.712706273404279	0.193085867535828
-0.712706273404279	0.193085867535828
-0.712706273404279	0.193085867535828
-0.712706273404279	0.193085867535828
-0.712706273404279	0.193085867535828
-0.712706273404279	0.193085867535828
-0.712706273404279	0.193085867535828
-0.712706273404279	0.193085867535828
-0.712706273404279	0.193085867535828
-0.712706273404279	0.193085867535828
-0.712706273404279	0.193085867535828
-0.712706273404279	0.193085867535828
-0.712706273404279	0.193085867535828
-0.712706273404279	0.193085867535828
-0.712706273404279	0.193085867535828
-0.712706273404279	0.193085867535828
-0.712706273404279	0.193085867535828
-0.712706273404279	0.193085867535828
-0.713087363267824	-0.665252803668963
-0.713087363267824	-0.665252803668963
-0.713087363267824	-0.665252803668963
-0.713087363267824	-0.665252803668963
-0.713087363267824	-0.665252803668963
-0.713087363267824	-0.665252803668963
-0.713087363267824	-0.665252803668963
-0.713087363267824	-0.665252803668963
-0.713087363267824	-0.665252803668963
-0.713087363267824	-0.665252803668963
-0.713087363267824	-0.665252803668963
-0.713087363267824	-0.665252803668963
-0.713087363267824	-0.665252803668963
-0.713087363267824	-0.665252803668963
-0.713087363267824	-0.665252803668963
-0.713087363267824	-0.665252803668963
-0.713087363267824	-0.665252803668963
-0.713087363267824	-0.665252803668963
-0.713087363267824	-0.665252803668963
-0.713087363267824	-0.665252803668963
-0.713087363267824	-0.665252803668963
-0.713087363267824	-0.665252803668963
-0.713087363267824	-0.665252803668963
-0.713087363267824	-0.665252803668963
-0.713087363267824	-0.665252803668963
-0.673526406339848	-0.782274298268498
-0.673526406339848	-0.782274298268498
-0.673526406339848	-0.782274298268498
-0.673526406339848	-0.782274298268498
-0.673526406339848	-0.782274298268498
-0.673526406339848	-0.782274298268498
-0.673526406339848	-0.782274298268498
-0.673526406339848	-0.782274298268498
-0.673526406339848	-0.782274298268498
-0.673526406339848	-0.782274298268498
-0.673526406339848	-0.782274298268498
-0.673526406339848	-0.782274298268498
-0.673526406339848	-0.782274298268498
-0.673526406339848	-0.782274298268498
-0.673526406339848	-0.782274298268498
-0.673526406339848	-0.782274298268498
-0.673526406339848	-0.782274298268498
-0.673526406339848	-0.782274298268498
-0.673526406339848	-0.782274298268498
-0.673526406339848	-0.782274298268498
-0.673526406339848	-0.782274298268498
-0.673526406339848	-0.782274298268498
-0.673526406339848	-0.782274298268498
-0.673526406339848	-0.782274298268498
-0.673526406339848	-0.782274298268498
-0.589301280660695	0.090641741217413
-0.589301280660695	0.090641741217413
-0.589301280660695	0.090641741217413
-0.589301280660695	0.090641741217413
-0.589301280660695	0.090641741217413
-0.589301280660695	0.090641741217413
-0.589301280660695	0.090641741217413
-0.589301280660695	0.090641741217413
-0.589301280660695	0.090641741217413
-0.589301280660695	0.090641741217413
-0.589301280660695	0.090641741217413
-0.589301280660695	0.090641741217413
-0.589301280660695	0.090641741217413
-0.589301280660695	0.090641741217413
-0.589301280660695	0.090641741217413
-0.589301280660695	0.090641741217413
-0.589301280660695	0.090641741217413
-0.589301280660695	0.090641741217413
-0.589301280660695	0.090641741217413
-0.589301280660695	0.090641741217413
-0.589301280660695	0.090641741217413
-0.589301280660695	0.090641741217413
-0.589301280660695	0.090641741217413
-0.589301280660695	0.090641741217413
-0.589301280660695	0.090641741217413
-0.570794621369939	-0.297329444111013
-0.570794621369939	-0.297329444111013
-0.570794621369939	-0.297329444111013
-0.570794621369939	-0.297329444111013
-0.570794621369939	-0.297329444111013
-0.570794621369939	-0.297329444111013
-0.570794621369939	-0.297329444111013
-0.570794621369939	-0.297329444111013
-0.570794621369939	-0.297329444111013
-0.570794621369939	-0.297329444111013
-0.570794621369939	-0.297329444111013
-0.570794621369939	-0.297329444111013
-0.570794621369939	-0.297329444111013
-0.570794621369939	-0.297329444111013
-0.570794621369939	-0.297329444111013
-0.570794621369939	-0.297329444111013
-0.570794621369939	-0.297329444111013
-0.570794621369939	-0.297329444111013
-0.570794621369939	-0.297329444111013
-0.570794621369939	-0.297329444111013
-0.570794621369939	-0.297329444111013
-0.570794621369939	-0.297329444111013
-0.570794621369939	-0.297329444111013
-0.570794621369939	-0.297329444111013
-0.570794621369939	-0.297329444111013
-0.521644333038313	-0.223199460293725
-0.521644333038313	-0.223199460293725
-0.521644333038313	-0.223199460293725
-0.521644333038313	-0.223199460293725
-0.521644333038313	-0.223199460293725
-0.521644333038313	-0.223199460293725
-0.521644333038313	-0.223199460293725
-0.521644333038313	-0.223199460293725
-0.521644333038313	-0.223199460293725
-0.521644333038313	-0.223199460293725
-0.521644333038313	-0.223199460293725
-0.521644333038313	-0.223199460293725
-0.521644333038313	-0.223199460293725
-0.521644333038313	-0.223199460293725
-0.521644333038313	-0.223199460293725
-0.521644333038313	-0.223199460293725
-0.521644333038313	-0.223199460293725
-0.521644333038313	-0.223199460293725
-0.521644333038313	-0.223199460293725
-0.521644333038313	-0.223199460293725
-0.521644333038313	-0.223199460293725
-0.521644333038313	-0.223199460293725
-0.521644333038313	-0.223199460293725
-0.521644333038313	-0.223199460293725
-0.521644333038313	-0.223199460293725
-0.029574535335216	0.394213404224353
-0.029574535335216	0.394213404224353
-0.029574535335216	0.394213404224353
-0.029574535335216	0.394213404224353
-0.029574535335216	0.394213404224353
-0.029574535335216	0.394213404224353
-0.029574535335216	0.394213404224353
-0.029574535335216	0.394213404224353
-0.029574535335216	0.394213404224353
-0.029574535335216	0.394213404224353
-0.029574535335216	0.394213404224353
-0.029574535335216	0.394213404224353
-0.029574535335216	0.394213404224353
-0.029574535335216	0.394213404224353
-0.029574535335216	0.394213404224353
-0.029574535335216	0.394213404224353
-0.029574535335216	0.394213404224353
-0.029574535335216	0.394213404224353
-0.029574535335216	0.394213404224353
-0.029574535335216	0.394213404224353
-0.029574535335216	0.394213404224353
-0.029574535335216	0.394213404224353
-0.029574535335216	0.394213404224353
-0.029574535335216	0.394213404224353
-0.029574535335216	0.394213404224353
-0.451541479537981	0.899757699994258
-0.451541479537981	0.899757699994258
-0.451541479537981	0.899757699994258
-0.451541479537981	0.899757699994258
-0.451541479537981	0.899757699994258
-0.451541479537981	0.899757699994258
-0.451541479537981	0.899757699994258
-0.451541479537981	0.899757699994258
-0.451541479537981	0.899757699994258
-0.451541479537981	0.899757699994258
-0.451541479537981	0.899757699994258
-0.451541479537981	0.899757699994258
-0.451541479537981	0.899757699994258
-0.451541479537981	0.899757699994258
-0.451541479537981	0.899757699994258
-0.451541479537981	0.899757699994258
-0.451541479537981	0.899757699994258
-0.451541479537981	0.899757699994258
-0.451541479537981	0.899757699994258
-0.451541479537981	0.899757699994258
-0.451541479537981	0.899757699994258
-0.451541479537981	0.899757699994258
-0.451541479537981	0.899757699994258
-0.451541479537981	0.899757699994258
-0.451541479537981	0.899757699994258
-0.422952602581565	0.319209476615866
-0.422952602581565	0.319209476615866
-0.422952602581565	0.319209476615866
-0.422952602581565	0.319209476615866
-0.422952602581565	0.319209476615866
-0.422952602581565	0.319209476615866
-0.422952602581565	0.319209476615866
-0.422952602581565	0.319209476615866
-0.422952602581565	0.319209476615866
-0.422952602581565	0.319209476615866
-0.422952602581565	0.319209476615866
-0.422952602581565	0.319209476615866
-0.422952602581565	0.319209476615866
-0.422952602581565	0.319209476615866
-0.422952602581565	0.319209476615866
-0.422952602581565	0.319209476615866
-0.422952602581565	0.319209476615866
-0.422952602581565	0.319209476615866
-0.422952602581565	0.319209476615866
-0.422952602581565	0.319209476615866
-0.422952602581565	0.319209476615866
-0.422952602581565	0.319209476615866
-0.422952602581565	0.319209476615866
-0.422952602581565	0.319209476615866
-0.422952602581565	0.319209476615866
-0.461413908673643	-0.849546029162382
-0.461413908673643	-0.849546029162382
-0.461413908673643	-0.849546029162382
-0.461413908673643	-0.849546029162382
-0.461413908673643	-0.849546029162382
-0.461413908673643	-0.849546029162382
-0.461413908673643	-0.849546029162382
-0.461413908673643	-0.849546029162382
-0.461413908673643	-0.849546029162382
-0.461413908673643	-0.849546029162382
-0.461413908673643	-0.849546029162382
-0.461413908673643	-0.849546029162382
-0.461413908673643	-0.849546029162382
-0.461413908673643	-0.849546029162382
-0.461413908673643	-0.849546029162382
-0.461413908673643	-0.849546029162382
-0.461413908673643	-0.849546029162382
-0.461413908673643	-0.849546029162382
-0.461413908673643	-0.849546029162382
-0.461413908673643	-0.849546029162382
-0.461413908673643	-0.849546029162382
-0.461413908673643	-0.849546029162382
-0.461413908673643	-0.849546029162382
-0.461413908673643	-0.849546029162382
-0.461413908673643	-0.849546029162382
-0.38688564539742	-0.772902611537325
-0.38688564539742	-0.772902611537325
-0.38688564539742	-0.772902611537325
-0.38688564539742	-0.772902611537325
-0.38688564539742	-0.772902611537325
-0.38688564539742	-0.772902611537325
-0.38688564539742	-0.772902611537325
-0.38688564539742	-0.772902611537325
-0.38688564539742	-0.772902611537325
-0.38688564539742	-0.772902611537325
-0.38688564539742	-0.772902611537325
-0.38688564539742	-0.772902611537325
-0.38688564539742	-0.772902611537325
-0.38688564539742	-0.772902611537325
-0.38688564539742	-0.772902611537325
-0.38688564539742	-0.772902611537325
-0.38688564539742	-0.772902611537325
-0.38688564539742	-0.772902611537325
-0.38688564539742	-0.772902611537325
-0.38688564539742	-0.772902611537325
-0.38688564539742	-0.772902611537325
-0.38688564539742	-0.772902611537325
-0.38688564539742	-0.772902611537325
-0.38688564539742	-0.772902611537325
-0.38688564539742	-0.772902611537325
-0.261135915532306	-0.809139274903172
-0.261135915532306	-0.809139274903172
-0.261135915532306	-0.809139274903172
-0.261135915532306	-0.809139274903172
-0.261135915532306	-0.809139274903172
-0.261135915532306	-0.809139274903172
-0.261135915532306	-0.809139274903172
-0.261135915532306	-0.809139274903172
-0.261135915532306	-0.809139274903172
-0.261135915532306	-0.809139274903172
-0.261135915532306	-0.809139274903172
-0.261135915532306	-0.809139274903172
-0.261135915532306	-0.809139274903172
-0.261135915532306	-0.809139274903172
-0.261135915532306	-0.809139274903172
-0.261135915532306	-0.809139274903172
-0.261135915532306	-0.809139274903172
-0.261135915532306	-0.809139274903172
-0.261135915532306	-0.809139274903172
-0.261135915532306	-0.809139274903172
-0.261135915532306	-0.809139274903172
-0.261135915532306	-0.809139274903172
-0.261135915532306	-0.809139274903172
-0.261135915532306	-0.809139274903172
-0.261135915532306	-0.809139274903172
-0.372271247177744	-0.701213631639822
-0.372271247177744	-0.701213631639822
-0.372271247177744	-0.701213631639822
-0.372271247177744	-0.701213631639822
-0.372271247177744	-0.701213631639822
-0.372271247177744	-0.701213631639822
-0.372271247177744	-0.701213631639822
-0.372271247177744	-0.701213631639822
-0.372271247177744	-0.701213631639822
-0.372271247177744	-0.701213631639822
-0.372271247177744	-0.701213631639822
-0.372271247177744	-0.701213631639822
-0.372271247177744	-0.701213631639822
-0.372271247177744	-0.701213631639822
-0.372271247177744	-0.701213631639822
-0.372271247177744	-0.701213631639822
-0.372271247177744	-0.701213631639822
-0.372271247177744	-0.701213631639822
-0.372271247177744	-0.701213631639822
-0.372271247177744	-0.701213631639822
-0.372271247177744	-0.701213631639822
-0.372271247177744	-0.701213631639822
-0.372271247177744	-0.701213631639822
-0.372271247177744	-0.701213631639822
-0.372271247177744	-0.701213631639822
-0.276747635665465	0.952123953007219
-0.276747635665465	0.952123953007219
-0.276747635665465	0.952123953007219
-0.276747635665465	0.952123953007219
-0.276747635665465	0.952123953007219
-0.276747635665465	0.952123953007219
-0.276747635665465	0.952123953007219
-0.276747635665465	0.952123953007219
-0.276747635665465	0.952123953007219
-0.276747635665465	0.952123953007219
-0.276747635665465	0.952123953007219
-0.276747635665465	0.952123953007219
-0.276747635665465	0.952123953007219
-0.276747635665465	0.952123953007219
-0.276747635665465	0.952123953007219
-0.276747635665465	0.952123953007219
-0.276747635665465	0.952123953007219
-0.276747635665465	0.952123953007219
-0.276747635665465	0.952123953007219
-0.276747635665465	0.952123953007219
-0.276747635665465	0.952123953007219
-0.276747635665465	0.952123953007219
-0.276747635665465	0.952123953007219
-0.276747635665465	0.952123953007219
-0.276747635665465	0.952123953007219
-0.166173070164478	-0.519787068255147
-0.166173070164478	-0.519787068255147
-0.166173070164478	-0.519787068255147
-0.166173070164478	-0.519787068255147
-0.166173070164478	-0.519787068255147
-0.166173070164478	-0.519787068255147
-0.166173070164478	-0.519787068255147
-0.166173070164478	-0.519787068255147
-0.166173070164478	-0.519787068255147
-0.166173070164478	-0.519787068255147
-0.166173070164478	-0.519787068255147
-0.166173070164478	-0.519787068255147
-0.166173070164478	-0.519787068255147
-0.166173070164478	-0.519787068255147
-0.166173070164478	-0.519787068255147
-0.166173070164478	-0.519787068255147
-0.166173070164478	-0.519787068255147
-0.166173070164478	-0.519787068255147
-0.166173070164478	-0.519787068255147
-0.166173070164478	-0.519787068255147
-0.166173070164478	-0.519787068255147
-0.166173070164478	-0.519787068255147
-0.166173070164478	-0.519787068255147
-0.166173070164478	-0.519787068255147
-0.166173070164478	-0.519787068255147
-0.165240027203802	-0.478871261458318
-0.165240027203802	-0.478871261458318
-0.165240027203802	-0.478871261458318
-0.165240027203802	-0.478871261458318
-0.165240027203802	-0.478871261458318
-0.165240027203802	-0.478871261458318
-0.165240027203802	-0.478871261458318
-0.165240027203802	-0.478871261458318
-0.165240027203802	-0.478871261458318
-0.165240027203802	-0.478871261458318
-0.165240027203802	-0.478871261458318
-0.165240027203802	-0.478871261458318
-0.165240027203802	-0.478871261458318
-0.165240027203802	-0.478871261458318
-0.165240027203802	-0.478871261458318
-0.165240027203802	-0.478871261458318
-0.165240027203802	-0.478871261458318
-0.165240027203802	-0.478871261458318
-0.165240027203802	-0.478871261458318
-0.165240027203802	-0.478871261458318
-0.165240027203802	-0.478871261458318
-0.165240027203802	-0.478871261458318
-0.165240027203802	-0.478871261458318
-0.165240027203802	-0.478871261458318
-0.165240027203802	-0.478871261458318
-0.114177147503559	0.345469395325272
-0.114177147503559	0.345469395325272
-0.114177147503559	0.345469395325272
-0.114177147503559	0.345469395325272
-0.114177147503559	0.345469395325272
-0.114177147503559	0.345469395325272
-0.114177147503559	0.345469395325272
-0.114177147503559	0.345469395325272
-0.114177147503559	0.345469395325272
-0.114177147503559	0.345469395325272
-0.114177147503559	0.345469395325272
-0.114177147503559	0.345469395325272
-0.114177147503559	0.345469395325272
-0.114177147503559	0.345469395325272
-0.114177147503559	0.345469395325272
-0.114177147503559	0.345469395325272
-0.114177147503559	0.345469395325272
-0.114177147503559	0.345469395325272
-0.114177147503559	0.345469395325272
-0.114177147503559	0.345469395325272
-0.114177147503559	0.345469395325272
-0.114177147503559	0.345469395325272
-0.114177147503559	0.345469395325272
-0.114177147503559	0.345469395325272
-0.114177147503559	0.345469395325272
0.406105393732947	0.00432465831019191
0.406105393732947	0.00432465831019191
0.406105393732947	0.00432465831019191
0.406105393732947	0.00432465831019191
0.406105393732947	0.00432465831019191
0.406105393732947	0.00432465831019191
0.406105393732947	0.00432465831019191
0.406105393732947	0.00432465831019191
0.406105393732947	0.00432465831019191
0.406105393732947	0.00432465831019191
0.406105393732947	0.00432465831019191
0.406105393732947	0.00432465831019191
0.406105393732947	0.00432465831019191
0.406105393732947	0.00432465831019191
0.406105393732947	0.00432465831019191
0.406105393732947	0.00432465831019191
0.406105393732947	0.00432465831019191
0.406105393732947	0.00432465831019191
0.406105393732947	0.00432465831019191
0.406105393732947	0.00432465831019191
0.406105393732947	0.00432465831019191
0.406105393732947	0.00432465831019191
0.406105393732947	0.00432465831019191
0.406105393732947	0.00432465831019191
0.406105393732947	0.00432465831019191
0.0986117967863622	-0.498089651343454
0.0986117967863622	-0.498089651343454
0.0986117967863622	-0.498089651343454
0.0986117967863622	-0.498089651343454
0.0986117967863622	-0.498089651343454
0.0986117967863622	-0.498089651343454
0.0986117967863622	-0.498089651343454
0.0986117967863622	-0.498089651343454
0.0986117967863622	-0.498089651343454
0.0986117967863622	-0.498089651343454
0.0986117967863622	-0.498089651343454
0.0986117967863622	-0.498089651343454
0.0986117967863622	-0.498089651343454
0.0986117967863622	-0.498089651343454
0.0986117967863622	-0.498089651343454
0.0986117967863622	-0.498089651343454
0.0986117967863622	-0.498089651343454
0.0986117967863622	-0.498089651343454
0.0986117967863622	-0.498089651343454
0.0986117967863622	-0.498089651343454
0.0986117967863622	-0.498089651343454
0.0986117967863622	-0.498089651343454
0.0986117967863622	-0.498089651343454
0.0986117967863622	-0.498089651343454
0.0986117967863622	-0.498089651343454
0.1752682098538	-0.320930495541976
0.1752682098538	-0.320930495541976
0.1752682098538	-0.320930495541976
0.1752682098538	-0.320930495541976
0.1752682098538	-0.320930495541976
0.1752682098538	-0.320930495541976
0.1752682098538	-0.320930495541976
0.1752682098538	-0.320930495541976
0.1752682098538	-0.320930495541976
0.1752682098538	-0.320930495541976
0.1752682098538	-0.320930495541976
0.1752682098538	-0.320930495541976
0.1752682098538	-0.320930495541976
0.1752682098538	-0.320930495541976
0.1752682098538	-0.320930495541976
0.1752682098538	-0.320930495541976
0.1752682098538	-0.320930495541976
0.1752682098538	-0.320930495541976
0.1752682098538	-0.320930495541976
0.1752682098538	-0.320930495541976
0.1752682098538	-0.320930495541976
0.1752682098538	-0.320930495541976
0.1752682098538	-0.320930495541976
0.1752682098538	-0.320930495541976
0.1752682098538	-0.320930495541976
0.0948124899155518	0.632953828029779
0.0948124899155518	0.632953828029779
0.0948124899155518	0.632953828029779
0.0948124899155518	0.632953828029779
0.0948124899155518	0.632953828029779
0.0948124899155518	0.632953828029779
0.0948124899155518	0.632953828029779
0.0948124899155518	0.632953828029779
0.0948124899155518	0.632953828029779
0.0948124899155518	0.632953828029779
0.0948124899155518	0.632953828029779
0.0948124899155518	0.632953828029779
0.0948124899155518	0.632953828029779
0.0948124899155518	0.632953828029779
0.0948124899155518	0.632953828029779
0.0948124899155518	0.632953828029779
0.0948124899155518	0.632953828029779
0.0948124899155518	0.632953828029779
0.0948124899155518	0.632953828029779
0.0948124899155518	0.632953828029779
0.0948124899155518	0.632953828029779
0.0948124899155518	0.632953828029779
0.0948124899155518	0.632953828029779
0.0948124899155518	0.632953828029779
0.0948124899155518	0.632953828029779
0.00532062666272774	0.561185119469271
0.00532062666272774	0.561185119469271
0.00532062666272774	0.561185119469271
0.00532062666272774	0.561185119469271
0.00532062666272774	0.561185119469271
0.00532062666272774	0.561185119469271
0.00532062666272774	0.561185119469271
0.00532062666272774	0.561185119469271
0.00532062666272774	0.561185119469271
0.00532062666272774	0.561185119469271
0.00532062666272774	0.561185119469271
0.00532062666272774	0.561185119469271
0.00532062666272774	0.561185119469271
0.00532062666272774	0.561185119469271
0.00532062666272774	0.561185119469271
0.00532062666272774	0.561185119469271
0.00532062666272774	0.561185119469271
0.00532062666272774	0.561185119469271
0.00532062666272774	0.561185119469271
0.00532062666272774	0.561185119469271
0.00532062666272774	0.561185119469271
0.00532062666272774	0.561185119469271
0.00532062666272774	0.561185119469271
0.00532062666272774	0.561185119469271
0.00532062666272774	0.561185119469271
0.0760870819858215	0.400893565919666
0.0760870819858215	0.400893565919666
0.0760870819858215	0.400893565919666
0.0760870819858215	0.400893565919666
0.0760870819858215	0.400893565919666
0.0760870819858215	0.400893565919666
0.0760870819858215	0.400893565919666
0.0760870819858215	0.400893565919666
0.0760870819858215	0.400893565919666
0.0760870819858215	0.400893565919666
0.0760870819858215	0.400893565919666
0.0760870819858215	0.400893565919666
0.0760870819858215	0.400893565919666
0.0760870819858215	0.400893565919666
0.0760870819858215	0.400893565919666
0.0760870819858215	0.400893565919666
0.0760870819858215	0.400893565919666
0.0760870819858215	0.400893565919666
0.0760870819858215	0.400893565919666
0.0760870819858215	0.400893565919666
0.0760870819858215	0.400893565919666
0.0760870819858215	0.400893565919666
0.0760870819858215	0.400893565919666
0.0760870819858215	0.400893565919666
0.0760870819858215	0.400893565919666
0.138366997772067	-0.374117156199234
0.138366997772067	-0.374117156199234
0.138366997772067	-0.374117156199234
0.138366997772067	-0.374117156199234
0.138366997772067	-0.374117156199234
0.138366997772067	-0.374117156199234
0.138366997772067	-0.374117156199234
0.138366997772067	-0.374117156199234
0.138366997772067	-0.374117156199234
0.138366997772067	-0.374117156199234
0.138366997772067	-0.374117156199234
0.138366997772067	-0.374117156199234
0.138366997772067	-0.374117156199234
0.138366997772067	-0.374117156199234
0.138366997772067	-0.374117156199234
0.138366997772067	-0.374117156199234
0.138366997772067	-0.374117156199234
0.138366997772067	-0.374117156199234
0.138366997772067	-0.374117156199234
0.138366997772067	-0.374117156199234
0.138366997772067	-0.374117156199234
0.138366997772067	-0.374117156199234
0.138366997772067	-0.374117156199234
0.138366997772067	-0.374117156199234
0.138366997772067	-0.374117156199234
0.280095618697859	-0.121966827251933
0.280095618697859	-0.121966827251933
0.280095618697859	-0.121966827251933
0.280095618697859	-0.121966827251933
0.280095618697859	-0.121966827251933
0.280095618697859	-0.121966827251933
0.280095618697859	-0.121966827251933
0.280095618697859	-0.121966827251933
0.280095618697859	-0.121966827251933
0.280095618697859	-0.121966827251933
0.280095618697859	-0.121966827251933
0.280095618697859	-0.121966827251933
0.280095618697859	-0.121966827251933
0.280095618697859	-0.121966827251933
0.280095618697859	-0.121966827251933
0.280095618697859	-0.121966827251933
0.280095618697859	-0.121966827251933
0.280095618697859	-0.121966827251933
0.280095618697859	-0.121966827251933
0.280095618697859	-0.121966827251933
0.280095618697859	-0.121966827251933
0.280095618697859	-0.121966827251933
0.280095618697859	-0.121966827251933
0.280095618697859	-0.121966827251933
0.280095618697859	-0.121966827251933
0.342313908199926	-0.0927239968873207
0.342313908199926	-0.0927239968873207
0.342313908199926	-0.0927239968873207
0.342313908199926	-0.0927239968873207
0.342313908199926	-0.0927239968873207
0.342313908199926	-0.0927239968873207
0.342313908199926	-0.0927239968873207
0.342313908199926	-0.0927239968873207
0.342313908199926	-0.0927239968873207
0.342313908199926	-0.0927239968873207
0.342313908199926	-0.0927239968873207
0.342313908199926	-0.0927239968873207
0.342313908199926	-0.0927239968873207
0.342313908199926	-0.0927239968873207
0.342313908199926	-0.0927239968873207
0.342313908199926	-0.0927239968873207
0.342313908199926	-0.0927239968873207
0.342313908199926	-0.0927239968873207
0.342313908199926	-0.0927239968873207
0.342313908199926	-0.0927239968873207
0.342313908199926	-0.0927239968873207
0.342313908199926	-0.0927239968873207
0.342313908199926	-0.0927239968873207
0.342313908199926	-0.0927239968873207
0.342313908199926	-0.0927239968873207
0.275282650702997	-0.313233011082389
0.275282650702997	-0.313233011082389
0.275282650702997	-0.313233011082389
0.275282650702997	-0.313233011082389
0.275282650702997	-0.313233011082389
0.275282650702997	-0.313233011082389
0.275282650702997	-0.313233011082389
0.275282650702997	-0.313233011082389
0.275282650702997	-0.313233011082389
0.275282650702997	-0.313233011082389
0.275282650702997	-0.313233011082389
0.275282650702997	-0.313233011082389
0.275282650702997	-0.313233011082389
0.275282650702997	-0.313233011082389
0.275282650702997	-0.313233011082389
0.275282650702997	-0.313233011082389
0.275282650702997	-0.313233011082389
0.275282650702997	-0.313233011082389
0.275282650702997	-0.313233011082389
0.275282650702997	-0.313233011082389
0.275282650702997	-0.313233011082389
0.275282650702997	-0.313233011082389
0.275282650702997	-0.313233011082389
0.275282650702997	-0.313233011082389
0.275282650702997	-0.313233011082389
0.334208534429413	0.877904012742408
0.334208534429413	0.877904012742408
0.334208534429413	0.877904012742408
0.334208534429413	0.877904012742408
0.334208534429413	0.877904012742408
0.334208534429413	0.877904012742408
0.334208534429413	0.877904012742408
0.334208534429413	0.877904012742408
0.334208534429413	0.877904012742408
0.334208534429413	0.877904012742408
0.334208534429413	0.877904012742408
0.334208534429413	0.877904012742408
0.334208534429413	0.877904012742408
0.334208534429413	0.877904012742408
0.334208534429413	0.877904012742408
0.334208534429413	0.877904012742408
0.334208534429413	0.877904012742408
0.334208534429413	0.877904012742408
0.334208534429413	0.877904012742408
0.334208534429413	0.877904012742408
0.334208534429413	0.877904012742408
0.334208534429413	0.877904012742408
0.334208534429413	0.877904012742408
0.334208534429413	0.877904012742408
0.334208534429413	0.877904012742408
0.415242702777145	0.810090533369263
0.415242702777145	0.810090533369263
0.415242702777145	0.810090533369263
0.415242702777145	0.810090533369263
0.415242702777145	0.810090533369263
0.415242702777145	0.810090533369263
0.415242702777145	0.810090533369263
0.415242702777145	0.810090533369263
0.415242702777145	0.810090533369263
0.415242702777145	0.810090533369263
0.415242702777145	0.810090533369263
0.415242702777145	0.810090533369263
0.415242702777145	0.810090533369263
0.415242702777145	0.810090533369263
0.415242702777145	0.810090533369263
0.415242702777145	0.810090533369263
0.415242702777145	0.810090533369263
0.415242702777145	0.810090533369263
0.415242702777145	0.810090533369263
0.415242702777145	0.810090533369263
0.415242702777145	0.810090533369263
0.415242702777145	0.810090533369263
0.415242702777145	0.810090533369263
0.415242702777145	0.810090533369263
0.415242702777145	0.810090533369263
0.379243672681853	0.461486048745683
0.379243672681853	0.461486048745683
0.379243672681853	0.461486048745683
0.379243672681853	0.461486048745683
0.379243672681853	0.461486048745683
0.379243672681853	0.461486048745683
0.379243672681853	0.461486048745683
0.379243672681853	0.461486048745683
0.379243672681853	0.461486048745683
0.379243672681853	0.461486048745683
0.379243672681853	0.461486048745683
0.379243672681853	0.461486048745683
0.379243672681853	0.461486048745683
0.379243672681853	0.461486048745683
0.379243672681853	0.461486048745683
0.379243672681853	0.461486048745683
0.379243672681853	0.461486048745683
0.379243672681853	0.461486048745683
0.379243672681853	0.461486048745683
0.379243672681853	0.461486048745683
0.379243672681853	0.461486048745683
0.379243672681853	0.461486048745683
0.379243672681853	0.461486048745683
0.379243672681853	0.461486048745683
0.379243672681853	0.461486048745683
0.441895335943855	-0.320562281329447
0.441895335943855	-0.320562281329447
0.441895335943855	-0.320562281329447
0.441895335943855	-0.320562281329447
0.441895335943855	-0.320562281329447
0.441895335943855	-0.320562281329447
0.441895335943855	-0.320562281329447
0.441895335943855	-0.320562281329447
0.441895335943855	-0.320562281329447
0.441895335943855	-0.320562281329447
0.441895335943855	-0.320562281329447
0.441895335943855	-0.320562281329447
0.441895335943855	-0.320562281329447
0.441895335943855	-0.320562281329447
0.441895335943855	-0.320562281329447
0.441895335943855	-0.320562281329447
0.441895335943855	-0.320562281329447
0.441895335943855	-0.320562281329447
0.441895335943855	-0.320562281329447
0.441895335943855	-0.320562281329447
0.441895335943855	-0.320562281329447
0.441895335943855	-0.320562281329447
0.441895335943855	-0.320562281329447
0.441895335943855	-0.320562281329447
0.441895335943855	-0.320562281329447
0.611057326715001	-0.936247187636908
0.611057326715001	-0.936247187636908
0.611057326715001	-0.936247187636908
0.611057326715001	-0.936247187636908
0.611057326715001	-0.936247187636908
0.611057326715001	-0.936247187636908
0.611057326715001	-0.936247187636908
0.611057326715001	-0.936247187636908
0.611057326715001	-0.936247187636908
0.611057326715001	-0.936247187636908
0.611057326715001	-0.936247187636908
0.611057326715001	-0.936247187636908
0.611057326715001	-0.936247187636908
0.611057326715001	-0.936247187636908
0.611057326715001	-0.936247187636908
0.611057326715001	-0.936247187636908
0.611057326715001	-0.936247187636908
0.611057326715001	-0.936247187636908
0.611057326715001	-0.936247187636908
0.611057326715001	-0.936247187636908
0.611057326715001	-0.936247187636908
0.611057326715001	-0.936247187636908
0.611057326715001	-0.936247187636908
0.611057326715001	-0.936247187636908
0.611057326715001	-0.936247187636908
0.677547946305735	-0.541403088505102
0.677547946305735	-0.541403088505102
0.677547946305735	-0.541403088505102
0.677547946305735	-0.541403088505102
0.677547946305735	-0.541403088505102
0.677547946305735	-0.541403088505102
0.677547946305735	-0.541403088505102
0.677547946305735	-0.541403088505102
0.677547946305735	-0.541403088505102
0.677547946305735	-0.541403088505102
0.677547946305735	-0.541403088505102
0.677547946305735	-0.541403088505102
0.677547946305735	-0.541403088505102
0.677547946305735	-0.541403088505102
0.677547946305735	-0.541403088505102
0.677547946305735	-0.541403088505102
0.677547946305735	-0.541403088505102
0.677547946305735	-0.541403088505102
0.677547946305735	-0.541403088505102
0.677547946305735	-0.541403088505102
0.677547946305735	-0.541403088505102
0.677547946305735	-0.541403088505102
0.677547946305735	-0.541403088505102
0.677547946305735	-0.541403088505102
0.677547946305735	-0.541403088505102
0.576271461533043	-0.328248123325523
0.576271461533043	-0.328248123325523
0.576271461533043	-0.328248123325523
0.576271461533043	-0.328248123325523
0.576271461533043	-0.328248123325523
0.576271461533043	-0.328248123325523
0.576271461533043	-0.328248123325523
0.576271461533043	-0.328248123325523
0.576271461533043	-0.328248123325523
0.576271461533043	-0.328248123325523
0.576271461533043	-0.328248123325523
0.576271461533043	-0.328248123325523
0.576271461533043	-0.328248123325523
0.576271461533043	-0.328248123325523
0.576271461533043	-0.328248123325523
0.576271461533043	-0.328248123325523
0.576271461533043	-0.328248123325523
0.576271461533043	-0.328248123325523
0.576271461533043	-0.328248123325523
0.576271461533043	-0.328248123325523
0.576271461533043	-0.328248123325523
0.576271461533043	-0.328248123325523
0.576271461533043	-0.328248123325523
0.576271461533043	-0.328248123325523
0.576271461533043	-0.328248123325523
0.543051608596254	0.281790847555637
0.543051608596254	0.281790847555637
0.543051608596254	0.281790847555637
0.543051608596254	0.281790847555637
0.543051608596254	0.281790847555637
0.543051608596254	0.281790847555637
0.543051608596254	0.281790847555637
0.543051608596254	0.281790847555637
0.543051608596254	0.281790847555637
0.543051608596254	0.281790847555637
0.543051608596254	0.281790847555637
0.543051608596254	0.281790847555637
0.543051608596254	0.281790847555637
0.543051608596254	0.281790847555637
0.543051608596254	0.281790847555637
0.543051608596254	0.281790847555637
0.543051608596254	0.281790847555637
0.543051608596254	0.281790847555637
0.543051608596254	0.281790847555637
0.543051608596254	0.281790847555637
0.543051608596254	0.281790847555637
0.543051608596254	0.281790847555637
0.543051608596254	0.281790847555637
0.543051608596254	0.281790847555637
0.543051608596254	0.281790847555637
0.573239918221133	0.13476989098581
0.573239918221133	0.13476989098581
0.573239918221133	0.13476989098581
0.573239918221133	0.13476989098581
0.573239918221133	0.13476989098581
0.573239918221133	0.13476989098581
0.573239918221133	0.13476989098581
0.573239918221133	0.13476989098581
0.573239918221133	0.13476989098581
0.573239918221133	0.13476989098581
0.573239918221133	0.13476989098581
0.573239918221133	0.13476989098581
0.573239918221133	0.13476989098581
0.573239918221133	0.13476989098581
0.573239918221133	0.13476989098581
0.573239918221133	0.13476989098581
0.573239918221133	0.13476989098581
0.573239918221133	0.13476989098581
0.573239918221133	0.13476989098581
0.573239918221133	0.13476989098581
0.573239918221133	0.13476989098581
0.573239918221133	0.13476989098581
0.573239918221133	0.13476989098581
0.573239918221133	0.13476989098581
0.573239918221133	0.13476989098581
0.699317297059725	0.916104336230133
0.699317297059725	0.916104336230133
0.699317297059725	0.916104336230133
0.699317297059725	0.916104336230133
0.699317297059725	0.916104336230133
0.699317297059725	0.916104336230133
0.699317297059725	0.916104336230133
0.699317297059725	0.916104336230133
0.699317297059725	0.916104336230133
0.699317297059725	0.916104336230133
0.699317297059725	0.916104336230133
0.699317297059725	0.916104336230133
0.699317297059725	0.916104336230133
0.699317297059725	0.916104336230133
0.699317297059725	0.916104336230133
0.699317297059725	0.916104336230133
0.699317297059725	0.916104336230133
0.699317297059725	0.916104336230133
0.699317297059725	0.916104336230133
0.699317297059725	0.916104336230133
0.699317297059725	0.916104336230133
0.699317297059725	0.916104336230133
0.699317297059725	0.916104336230133
0.699317297059725	0.916104336230133
0.699317297059725	0.916104336230133
0.641673433660377	0.863473960134887
0.641673433660377	0.863473960134887
0.641673433660377	0.863473960134887
0.641673433660377	0.863473960134887
0.641673433660377	0.863473960134887
0.641673433660377	0.863473960134887
0.641673433660377	0.863473960134887
0.641673433660377	0.863473960134887
0.641673433660377	0.863473960134887
0.641673433660377	0.863473960134887
0.641673433660377	0.863473960134887
0.641673433660377	0.863473960134887
0.641673433660377	0.863473960134887
0.641673433660377	0.863473960134887
0.641673433660377	0.863473960134887
0.641673433660377	0.863473960134887
0.641673433660377	0.863473960134887
0.641673433660377	0.863473960134887
0.641673433660377	0.863473960134887
0.641673433660377	0.863473960134887
0.641673433660377	0.863473960134887
0.641673433660377	0.863473960134887
0.641673433660377	0.863473960134887
0.641673433660377	0.863473960134887
0.641673433660377	0.863473960134887
0.719526514775132	0.0928104925401558
0.719526514775132	0.0928104925401558
0.719526514775132	0.0928104925401558
0.719526514775132	0.0928104925401558
0.719526514775132	0.0928104925401558
0.719526514775132	0.0928104925401558
0.719526514775132	0.0928104925401558
0.719526514775132	0.0928104925401558
0.719526514775132	0.0928104925401558
0.719526514775132	0.0928104925401558
0.719526514775132	0.0928104925401558
0.719526514775132	0.0928104925401558
0.719526514775132	0.0928104925401558
0.719526514775132	0.0928104925401558
0.719526514775132	0.0928104925401558
0.719526514775132	0.0928104925401558
0.719526514775132	0.0928104925401558
0.719526514775132	0.0928104925401558
0.719526514775132	0.0928104925401558
0.719526514775132	0.0928104925401558
0.719526514775132	0.0928104925401558
0.719526514775132	0.0928104925401558
0.719526514775132	0.0928104925401558
0.719526514775132	0.0928104925401558
0.719526514775132	0.0928104925401558
0.808394366203991	0.876588126587024
0.808394366203991	0.876588126587024
0.808394366203991	0.876588126587024
0.808394366203991	0.876588126587024
0.808394366203991	0.876588126587024
0.808394366203991	0.876588126587024
0.808394366203991	0.876588126587024
0.808394366203991	0.876588126587024
0.808394366203991	0.876588126587024
0.808394366203991	0.876588126587024
0.808394366203991	0.876588126587024
0.808394366203991	0.876588126587024
0.808394366203991	0.876588126587024
0.808394366203991	0.876588126587024
0.808394366203991	0.876588126587024
0.808394366203991	0.876588126587024
0.808394366203991	0.876588126587024
0.808394366203991	0.876588126587024
0.808394366203991	0.876588126587024
0.808394366203991	0.876588126587024
0.808394366203991	0.876588126587024
0.808394366203991	0.876588126587024
0.808394366203991	0.876588126587024
0.808394366203991	0.876588126587024
0.808394366203991	0.876588126587024
0.822870684821564	-0.80600005006697
0.822870684821564	-0.80600005006697
0.822870684821564	-0.80600005006697
0.822870684821564	-0.80600005006697
0.822870684821564	-0.80600005006697
0.822870684821564	-0.80600005006697
0.822870684821564	-0.80600005006697
0.822870684821564	-0.80600005006697
0.822870684821564	-0.80600005006697
0.822870684821564	-0.80600005006697
0.822870684821564	-0.80600005006697
0.822870684821564	-0.80600005006697
0.822870684821564	-0.80600005006697
0.822870684821564	-0.80600005006697
0.822870684821564	-0.80600005006697
0.822870684821564	-0.80600005006697
0.822870684821564	-0.80600005006697
0.822870684821564	-0.80600005006697
0.822870684821564	-0.80600005006697
0.822870684821564	-0.80600005006697
0.822870684821564	-0.80600005006697
0.822870684821564	-0.80600005006697
0.822870684821564	-0.80600005006697
0.822870684821564	-0.80600005006697
0.822870684821564	-0.80600005006697
0.769198823874676	0.122019318454908
0.769198823874676	0.122019318454908
0.769198823874676	0.122019318454908
0.769198823874676	0.122019318454908
0.769198823874676	0.122019318454908
0.769198823874676	0.122019318454908
0.769198823874676	0.122019318454908
0.769198823874676	0.122019318454908
0.769198823874676	0.122019318454908
0.769198823874676	0.122019318454908
0.769198823874676	0.122019318454908
0.769198823874676	0.122019318454908
0.769198823874676	0.122019318454908
0.769198823874676	0.122019318454908
0.769198823874676	0.122019318454908
0.769198823874676	0.122019318454908
0.769198823874676	0.122019318454908
0.769198823874676	0.122019318454908
0.769198823874676	0.122019318454908
0.769198823874676	0.122019318454908
0.769198823874676	0.122019318454908
0.769198823874676	0.122019318454908
0.769198823874676	0.122019318454908
0.769198823874676	0.122019318454908
0.769198823874676	0.122019318454908
0.860994715207952	-0.00814529275900933
0.860994715207952	-0.00814529275900933
0.860994715207952	-0.00814529275900933
0.860994715207952	-0.00814529275900933
0.860994715207952	-0.00814529275900933
0.860994715207952	-0.00814529275900933
0.860994715207952	-0.00814529275900933
0.860994715207952	-0.00814529275900933
0.860994715207952	-0.00814529275900933
0.860994715207952	-0.00814529275900933
0.860994715207952	-0.00814529275900933
0.860994715207952	-0.00814529275900933
0.860994715207952	-0.00814529275900933
0.860994715207952	-0.00814529275900933
0.860994715207952	-0.00814529275900933
0.860994715207952	-0.00814529275900933
0.860994715207952	-0.00814529275900933
0.860994715207952	-0.00814529275900933
0.860994715207952	-0.00814529275900933
0.860994715207952	-0.00814529275900933
0.860994715207952	-0.00814529275900933
0.860994715207952	-0.00814529275900933
0.860994715207952	-0.00814529275900933
0.860994715207952	-0.00814529275900933
0.860994715207952	-0.00814529275900933
0.978734838300727	0.629652797072033
0.978734838300727	0.629652797072033
0.978734838300727	0.629652797072033
0.978734838300727	0.629652797072033
0.978734838300727	0.629652797072033
0.978734838300727	0.629652797072033
0.978734838300727	0.629652797072033
0.978734838300727	0.629652797072033
0.978734838300727	0.629652797072033
0.978734838300727	0.629652797072033
0.978734838300727	0.629652797072033
0.978734838300727	0.629652797072033
0.978734838300727	0.629652797072033
0.978734838300727	0.629652797072033
0.978734838300727	0.629652797072033
0.978734838300727	0.629652797072033
0.978734838300727	0.629652797072033
0.978734838300727	0.629652797072033
0.978734838300727	0.629652797072033
0.978734838300727	0.629652797072033
0.978734838300727	0.629652797072033
0.978734838300727	0.629652797072033
0.978734838300727	0.629652797072033
0.978734838300727	0.629652797072033
0.978734838300727	0.629652797072033
0.936451811284736	-0.838887401781458
0.936451811284736	-0.838887401781458
0.936451811284736	-0.838887401781458
0.936451811284736	-0.838887401781458
0.936451811284736	-0.838887401781458
0.936451811284736	-0.838887401781458
0.936451811284736	-0.838887401781458
0.936451811284736	-0.838887401781458
0.936451811284736	-0.838887401781458
0.936451811284736	-0.838887401781458
0.936451811284736	-0.838887401781458
0.936451811284736	-0.838887401781458
0.936451811284736	-0.838887401781458
0.936451811284736	-0.838887401781458
0.936451811284736	-0.838887401781458
0.936451811284736	-0.838887401781458
0.936451811284736	-0.838887401781458
0.936451811284736	-0.838887401781458
0.936451811284736	-0.838887401781458
0.936451811284736	-0.838887401781458
0.936451811284736	-0.838887401781458
0.936451811284736	-0.838887401781458
0.936451811284736	-0.838887401781458
0.936451811284736	-0.838887401781458
0.936451811284736	-0.838887401781458
0.980055511250419	-0.658569913198505
0.980055511250419	-0.658569913198505
0.980055511250419	-0.658569913198505
0.980055511250419	-0.658569913198505
0.980055511250419	-0.658569913198505
0.980055511250419	-0.658569913198505
0.980055511250419	-0.658569913198505
0.980055511250419	-0.658569913198505
0.980055511250419	-0.658569913198505
0.980055511250419	-0.658569913198505
0.980055511250419	-0.658569913198505
0.980055511250419	-0.658569913198505
0.980055511250419	-0.658569913198505
0.980055511250419	-0.658569913198505
0.980055511250419	-0.658569913198505
0.980055511250419	-0.658569913198505
0.980055511250419	-0.658569913198505
0.980055511250419	-0.658569913198505
0.980055511250419	-0.658569913198505
0.980055511250419	-0.658569913198505
0.980055511250419	-0.658569913198505
0.980055511250419	-0.658569913198505
0.980055511250419	-0.658569913198505
0.980055511250419	-0.658569913198505
0.980055511250419	-0.658569913198505
