  0 0.00000000 0.97000436 -0.24308753 -0.97000436 0.24308753 0.00000000 0.00000000
  1 1.00000000 0.98680782 -0.22651058 -0.95146144 0.25922680 -0.03534638 -0.03271622
  2 2.00000000 1.00389334 -0.20728254 -0.92818338 0.27686799 -0.07570997 -0.06958545
  3 3.00000000 1.01828711 -0.18869768 -0.90374171 0.29278255 -0.11454540 -0.10408487
  4 4.00000000 1.03047379 -0.17070147 -0.87814051 0.30702905 -0.15233328 -0.13632759
  5 5.00000000 1.04128562 -0.15237848 -0.85002880 0.32020304 -0.19125682 -0.16782456
  6 6.00000000 1.05026199 -0.13481385 -0.82108625 0.33138411 -0.22917575 -0.19657026
  7 7.00000000 1.05777475 -0.11773914 -0.79106034 0.34069045 -0.26671441 -0.22295131
  8 8.00000000 1.06400725 -0.10110697 -0.76003962 0.34806467 -0.30396763 -0.24695770
  9 9.00000000 1.06910808 -0.08486148 -0.72810757 0.35345047 -0.34100051 -0.26858900
 10 10.00000000 1.07319001 -0.06896698 -0.69539649 0.35678839 -0.37779352 -0.28782141
 11 11.00000000 1.07634221 -0.05340091 -0.66207763 0.35803269 -0.41426458 -0.30463177
 12 12.00000000 1.07863766 -0.03815017 -0.62835259 0.35716362 -0.45028507 -0.31901345
 13 13.00000000 1.08017222 -0.02275368 -0.59339897 0.35407210 -0.48677326 -0.33131843
 14 14.00000000 1.08093274 -0.00719258 -0.55735255 0.34860220 -0.52358019 -0.34140962
 15 15.00000000 1.08089749 0.00856465 -0.52034321 0.34061606 -0.56055428 -0.34918071
 16 16.00000000 1.08005295 0.02430513 -0.48309621 0.33018197 -0.59695674 -0.35448711
 17 17.00000000 1.07841086 0.03992156 -0.44609163 0.31745312 -0.63231923 -0.35737467
 18 18.00000000 1.07597245 0.05546027 -0.40941921 0.30252844 -0.66655325 -0.35798871
 19 19.00000000 1.07270356 0.07105701 -0.37292705 0.28540813 -0.69977651 -0.35646514
 20 20.00000000 1.06846059 0.08710383 -0.33585262 0.26571759 -0.73260796 -0.35282142
 21 21.00000000 1.06314733 0.10357700 -0.29839207 0.24350641 -0.76475526 -0.34708341
 22 22.00000000 1.05663958 0.12049631 -0.26060491 0.21880466 -0.79603468 -0.33930097
 23 23.00000000 1.04878592 0.13788529 -0.22249639 0.19165503 -0.82628953 -0.32954033
 24 24.00000000 1.03939344 0.15578044 -0.18398596 0.16208680 -0.85540749 -0.31786725
 25 25.00000000 1.02820920 0.17423346 -0.14488949 0.13009631 -0.88331971 -0.30432977
 26 26.00000000 1.01489267 0.19331236 -0.10489685 0.09562754 -0.90999582 -0.28893990
 27 27.00000000 0.99897148 0.21310283 -0.06353265 0.05854810 -0.93543882 -0.27165094
 28 28.00000000 0.97976150 0.23371352 -0.02007608 0.01860704 -0.95968542 -0.25232056
 29 29.00000000 0.95790778 0.25384597 0.02342823 -0.02170892 -0.98133601 -0.23213705
 30 30.00000000 0.93351440 0.27305834 0.06679530 -0.06151384 -1.00030970 -0.21154449
 31 31.00000000 0.90928676 0.28938317 0.10599999 -0.09659866 -1.01528675 -0.19278451
 32 32.00000000 0.88394412 0.30399831 0.14398566 -0.12933549 -1.02792978 -0.17466282
 33 33.00000000 0.85604735 0.31758374 0.18311581 -0.16139550 -1.03916317 -0.15618825
 34 34.00000000 0.82733174 0.32916249 0.22115173 -0.19065768 -1.04848347 -0.13850481
 35 35.00000000 0.79752573 0.33887296 0.25876562 -0.21754495 -1.05629135 -0.12132801
 36 36.00000000 0.76671145 0.34666193 0.29607045 -0.24205449 -1.06278190 -0.10460744
 37 37.00000000 0.73496332 0.35247546 0.33314950 -0.26419223 -1.06811282 -0.08828323
 38 38.00000000 0.70240473 0.35625304 0.36999840 -0.28393659 -1.07240313 -0.07231646
 39 39.00000000 0.66919896 0.35794492 0.40654737 -0.30126298 -1.07574633 -0.05668193
 40 40.00000000 0.63554239 0.35752496 0.44267595 -0.31615997 -1.07821834 -0.04136499
 41 41.00000000 0.60085921 0.35491632 0.47905350 -0.32890570 -1.07991270 -0.02601062
 42 42.00000000 0.56502997 0.34995926 0.51580784 -0.33947370 -1.08083781 -0.01048556
 43 43.00000000 0.52821225 0.34251357 0.55276028 -0.34774109 -1.08097253 0.00522752
 44 44.00000000 0.49091893 0.33257181 0.58937833 -0.35357597 -1.08029726 0.02100416
 45 45.00000000 0.45386107 0.32032028 0.62496171 -0.35696046 -1.07882278 0.03664019
 46 46.00000000 0.41710847 0.30584768 0.65944391 -0.35804096 -1.07655238 0.05219328
 47 47.00000000 0.38076227 0.28927399 0.69271671 -0.35696765 -1.07347898 0.06769366
 48 48.00000000 0.34378241 0.27012234 0.72566756 -0.35377409 -1.06944998 0.08365175
 49 49.00000000 0.30639858 0.24844667 0.75797583 -0.34847877 -1.06437441 0.10003211
 50 50.00000000 0.26867790 0.22427161 0.78945469 -0.34112645 -1.05813259 0.11685484
 51 51.00000000 0.23064142 0.19764008 0.81993866 -0.33178130 -1.05058008 0.13414122
 52 52.00000000 0.19222820 0.16858581 0.84930592 -0.32051060 -1.04153412 0.15192479
 53 53.00000000 0.15327783 0.13711377 0.87747867 -0.30736764 -1.03075650 0.17025387
 54 54.00000000 0.11350945 0.10318083 0.90441885 -0.29237376 -1.01792830 0.18919293
 55 55.00000000 0.07248765 0.06667345 0.93012261 -0.27549714 -1.00261025 0.20882369
 56 56.00000000 0.02955417 0.02737125 0.95461892 -0.25662029 -0.98417309 0.22924904
 57 57.00000000 -0.01419948 -0.01316464 0.97696353 -0.23646998 -0.96276406 0.24963462
 58 58.00000000 -0.05746648 -0.05301882 0.99644513 -0.21599750 -0.93897865 0.26901632
 59 59.00000000 -0.09700071 -0.08864669 1.01202634 -0.19709166 -0.91502563 0.28573834
 60 60.00000000 -0.13521267 -0.12190420 1.02516684 -0.17883580 -0.88995417 0.30074000
 61 61.00000000 -0.17458177 -0.15456348 1.03686074 -0.16019548 -0.86227897 0.31475896
 62 62.00000000 -0.21275305 -0.18436940 1.04655363 -0.14238333 -0.83380057 0.32675273
 63 63.00000000 -0.25045353 -0.21178698 1.05467959 -0.12509630 -0.80422606 0.33688328
 64 64.00000000 -0.28781585 -0.23682171 1.06144699 -0.10828074 -0.77363114 0.34510246
 65 65.00000000 -0.32494288 -0.25948706 1.06702381 -0.09187247 -0.74208092 0.35135953
 66 66.00000000 -0.36184672 -0.27976459 1.07153612 -0.07582904 -0.70968940 0.35559363
 67 67.00000000 -0.39847115 -0.29762907 1.07508235 -0.06012238 -0.67661121 0.35775145
 68 68.00000000 -0.43470525 -0.31306473 1.07774175 -0.04473589 -0.64303650 0.35780063
 69 69.00000000 -0.47096094 -0.32626647 1.07960328 -0.02942442 -0.60864234 0.35569089
 70 70.00000000 -0.50765289 -0.33733004 1.08070038 -0.01393579 -0.57304748 0.35126583
 71 71.00000000 -0.54457447 -0.34611463 1.08101220 0.00173251 -0.53643773 0.34438212
 72 72.00000000 -0.58141165 -0.35250799 1.08051476 0.01754869 -0.49910311 0.33495930
 73 73.00000000 -0.61721980 -0.35641821 1.07921561 0.03320670 -0.46199581 0.32321151
 74 74.00000000 -0.65195601 -0.35799341 1.07712052 0.04877614 -0.42516451 0.30921727
 75 75.00000000 -0.68549518 -0.35738102 1.07422579 0.06428185 -0.38873060 0.29309918
 76 76.00000000 -0.71853620 -0.35465003 1.07041326 0.08013945 -0.35187707 0.27451058
 77 77.00000000 -0.75100187 -0.34980949 1.06557504 0.09642657 -0.31457317 0.25338292
 78 78.00000000 -0.78267679 -0.34290026 1.05959855 0.11315140 -0.27692175 0.22974885
 79 79.00000000 -0.81338943 -0.33398336 1.05234559 0.13033439 -0.23895616 0.20364897
 80 80.00000000 -0.84300807 -0.32312684 1.04364303 0.14800607 -0.20063496 0.17512076
 81 81.00000000 -0.87144557 -0.31038853 1.03326655 0.16621139 -0.16182098 0.14417714
 82 82.00000000 -0.89865571 -0.29579836 1.02091752 0.18501124 -0.12226182 0.11078712
 83 83.00000000 -0.92462753 -0.27933826 1.00618745 0.20448339 -0.08155993 0.07485488
 84 84.00000000 -0.94938255 -0.26091330 0.98849694 0.22472547 -0.03911439 0.03618783
 85 85.00000000 -0.97238927 -0.24085685 0.96758732 0.24531011 0.00480195 -0.00445326
 86 86.00000000 -0.99241660 -0.22049075 0.94438476 0.26487448 0.04803184 -0.04438373
 87 87.00000000 -1.00863406 -0.20143421 0.92070414 0.28200021 0.08792992 -0.08056600
 88 88.00000000 -1.02229514 -0.18303990 0.89590283 0.29739104 0.12639231 -0.11435114
 89 89.00000000 -1.03387546 -0.16521163 0.86993787 0.31112535 0.16393760 -0.14591372
 90 90.00000000 -1.04412620 -0.14709047 0.84152249 0.32372770 0.20260371 -0.17663723
 91 91.00000000 -1.05264083 -0.12968518 0.81226327 0.33435106 0.24037757 -0.20466587
 92 92.00000000 -1.05975506 -0.11274801 0.78193330 0.34308834 0.27782176 -0.23034033
 93 93.00000000 -1.06563729 -0.09623567 0.75063043 0.34987743 0.31500686 -0.25364176
 94 94.00000000 -1.07042447 -0.08009768 0.71845096 0.35465988 0.35197350 -0.27456220
 95 95.00000000 -1.07422135 -0.06430272 0.68553955 0.35737880 0.38868180 -0.29307608
 96 96.00000000 -1.07711163 -0.04883153 0.65207781 0.35799503 0.42503382 -0.30916350
 97 97.00000000 -1.07917586 -0.03357040 0.61804194 0.35648095 0.46113392 -0.32291055
 98 98.00000000 -1.08048126 -0.01812420 0.58274082 0.35269400 0.49774044 -0.33456980
 99 99.00000000 -1.08100685 -0.00250827 0.54639338 0.34648614 0.53461347 -0.34397787
100 100.00000000 -1.08072804 0.01331397 0.50912344 0.33772509 0.57160460 -0.35103906
101 101.00000000 -1.07964331 0.02900574 0.47195346 0.32659621 0.60768984 -0.35560194
102 102.00000000 -1.07776222 0.04459656 0.43503455 0.31319476 0.64272766 -0.35779132
103 103.00000000 -1.07508348 0.06011680 0.39848425 0.29763505 0.67659923 -0.35775185
104 104.00000000 -1.07153055 0.07585115 0.36179551 0.27973803 0.70973503 -0.35558917
105 105.00000000 -1.06697662 0.09202469 0.32459552 0.25928544 0.74238110 -0.35131013
106 106.00000000 -1.06131727 0.10863047 0.28703168 0.23631892 0.77428559 -0.34494940
107 107.00000000 -1.05442127 0.12568838 0.24915067 0.21087486 0.80527060 -0.33656324
108 108.00000000 -1.04612628 0.14322547 0.21093383 0.18299406 0.83519245 -0.32621953
109 109.00000000 -1.03622357 0.16128264 0.17227132 0.15269789 0.86395225 -0.31398054
110 110.00000000 -1.02443725 0.17991644 0.13294387 0.11996902 0.89149338 -0.29988546
111 111.00000000 -1.01039279 0.19919997 0.09259686 0.08473140 0.91779593 -0.28393137
112 112.00000000 -0.99356488 0.21922498 0.05069226 0.04682273 0.94287262 -0.26604771
113 113.00000000 -0.97330880 0.23998665 0.00667089 0.00618625 0.96663790 -0.24617291
114 114.00000000 -0.95077330 0.25978768 -0.03659761 -0.03386955 0.98737091 -0.22591813
115 115.00000000 -0.92733461 0.27746275 -0.07711318 -0.07085148 1.00444778 -0.20661127
116 116.00000000 -0.90284836 0.29331931 -0.11590903 -0.10527337 1.01875739 -0.18804594
117 117.00000000 -0.87720538 0.30750705 -0.15366746 -0.13743778 1.03087284 -0.17006926
118 118.00000000 -0.84905906 0.32061530 -0.19255965 -0.16884528 1.04161871 -0.15177002
119 119.00000000 -0.82008014 0.33173254 -0.23046090 -0.19750850 1.05054104 -0.13422404
120 120.00000000 -0.79001916 0.34097389 -0.26798814 -0.22380850 1.05800729 -0.11716539
121 121.00000000 -0.75896569 0.34828135 -0.30523334 -0.24773417 1.06419903 -0.10054718
122 122.00000000 -0.72700468 0.35359829 -0.34225876 -0.26928414 1.06926344 -0.08431415
123 123.00000000 -0.69426985 0.35686549 -0.37904247 -0.28843434 1.07331232 -0.06843116
124 124.00000000 -0.66093370 0.35803790 -0.41550050 -0.30516190 1.07643419 -0.05287601
125 125.00000000 -0.62719858 0.35709686 -0.45150301 -0.31946102 1.07870159 -0.03763584
126 126.00000000 -0.59220217 0.35392745 -0.48800838 -0.33169496 1.08021055 -0.02223249
127 127.00000000 -0.55612158 0.34837502 -0.52482310 -0.34170951 1.08094468 -0.00666551
128 128.00000000 -0.51908219 0.34030204 -0.56179994 -0.34940095 1.08088213 0.00909891
129 129.00000000 -0.48184322 0.32978943 -0.59816731 -0.35462319 1.08001053 0.02483376
130 130.00000000 -0.44484770 0.31698450 -0.63349389 -0.35743168 1.07834159 0.04044717
131 131.00000000 -0.40818855 0.30198789 -0.66768767 -0.35797158 1.07587622 0.05598369
132 132.00000000 -0.37167363 0.28478011 -0.70090209 -0.35637600 1.07257572 0.07159589
133 133.00000000 -0.33458455 0.26500355 -0.73371359 -0.35266049 1.06829814 0.08765695
134 134.00000000 -0.29711205 0.24270699 -0.76583436 -0.34685199 1.06294642 0.10414500
135 135.00000000 -0.25931431 0.21792130 -0.79708127 -0.33900114 1.05639558 0.12107983
136 136.00000000 -0.22119398 0.19068907 -0.82729904 -0.32917443 1.04849302 0.13848535
137 137.00000000 -0.18266727 0.16103876 -0.85637689 -0.31743730 1.03904417 0.15639854
138 138.00000000 -0.14354622 0.12896525 -0.88424738 -0.30383689 1.02779360 0.17487164
139 139.00000000 -0.10351584 0.09441039 -0.91088132 -0.28838361 1.01439716 0.19397322
140 140.00000000 -0.06209405 0.05723860 -0.93628282 -0.27102825 0.99837688 0.21378965
141 141.00000000 -0.01854939 0.01719370 -0.96048986 -0.25162423 0.97903926 0.23443053
142 142.00000000 0.02491941 -0.02308801 -0.98203143 -0.23143490 0.95711202 0.25452291
143 143.00000000 0.06830685 -0.06288577 -1.00092486 -0.21082227 0.93261800 0.27370804
144 144.00000000 0.10746084 -0.09788300 -1.01580626 -0.19208564 0.90834541 0.28996865
145 145.00000000 0.14541177 -0.13053553 -1.02837025 -0.17398543 0.88295848 0.30452096
146 146.00000000 0.18450521 -0.16249886 -1.03953049 -0.15553718 0.85502528 0.31803604
147 147.00000000 0.22252035 -0.19167276 -1.04879132 -0.13787429 0.82627097 0.32954705
148 148.00000000 0.26012091 -0.21847367 -1.05654827 -0.12071512 0.79642735 0.33918879
149 149.00000000 0.29741674 -0.24289749 -1.06299437 -0.10400979 0.76557763 0.34690728
150 150.00000000 0.33448795 -0.26494901 -1.06828572 -0.08769912 0.73379776 0.35264812
151 151.00000000 0.37132757 -0.28460622 -1.07254022 -0.07174473 0.70121265 0.35635095
152 152.00000000 0.40786367 -0.30184472 -1.07585065 -0.05612192 0.66798698 0.35796664
153 153.00000000 0.44397432 -0.31665385 -1.07829238 -0.04081628 0.63431805 0.35747013
154 154.00000000 0.48037115 -0.32932474 -1.07995949 -0.02545481 0.59958834 0.35477955
155 155.00000000 0.51713495 -0.33981163 -1.08085654 -0.00992369 0.56372160 0.34973532
156 156.00000000 0.55409163 -0.34799451 -1.08096233 0.00579683 0.52687070 0.34219769
157 157.00000000 0.59067333 -0.35373889 -1.08025814 0.02156719 0.48958481 0.33217170
158 158.00000000 0.62621945 -0.35703824 -1.07875508 0.03719977 0.45253563 0.31983847
159 159.00000000 0.66065969 -0.35803874 -1.07645607 0.05275033 0.41579637 0.30528841
160 160.00000000 0.69392474 -0.35688856 -1.07334955 0.06826713 0.37942481 0.28862143
161 161.00000000 0.72685587 -0.35361800 -1.06928430 0.08424033 0.34242843 0.26937766
162 162.00000000 0.75913726 -0.34824686 -1.06416850 0.10063651 0.30503124 0.24761036
163 163.00000000 0.79058255 -0.34082081 -1.05788170 0.11747567 0.26729914 0.22334514
164 164.00000000 0.82102774 -0.33140443 -1.05027831 0.13477948 0.22925057 0.19662495
165 165.00000000 0.85035263 -0.32006479 -1.04117390 0.15258196 0.19082128 0.16748283
166 166.00000000 0.87848096 -0.30685434 -1.03032783 0.17093201 0.15184687 0.13592233
167 167.00000000 0.90537602 -0.29179289 -1.01741760 0.18989471 0.11204158 0.10189819
168 168.00000000 0.93103511 -0.27484619 -1.00199853 0.20955243 0.07096342 0.06529376
169 169.00000000 0.95548850 -0.25589270 -0.98343240 0.23000901 0.02794389 0.02588369
170 170.00000000 0.97771309 -0.23573710 -0.96194923 0.25035103 -0.01576385 -0.01461394
171 171.00000000 0.99710722 -0.21524475 -0.93806254 0.26970393 -0.05904468 -0.05445918
172 172.00000000 1.01258453 -0.19636378 -0.91406340 0.28635865 -0.09852113 -0.08999486
173 173.00000000 1.02563967 -0.17813081 -0.88894633 0.30129504 -0.13669334 -0.12316423
174 174.00000000 1.03725455 -0.15951893 -0.86123407 0.31524074 -0.17602049 -0.15572180
175 175.00000000 1.04688373 -0.14172879 -0.83271575 0.32716466 -0.21416798 -0.18543586
176 176.00000000 1.05495542 -0.12446058 -0.80310216 0.33722464 -0.25185327 -0.21276406
177 177.00000000 1.06167569 -0.10766121 -0.77247007 0.34537162 -0.28920562 -0.23771041
178 178.00000000 1.06721070 -0.09126723 -0.74088614 0.35155427 -0.32632456 -0.26028704
179 179.00000000 1.07168533 -0.07523679 -0.70846597 0.35571174 -0.36321937 -0.28047495
180 180.00000000 1.07519714 -0.05954231 -0.67536564 0.35779125 -0.39983150 -0.29824894
181 181.00000000 1.07782478 -0.04416756 -0.64177642 0.35776149 -0.43604836 -0.31359393
182 182.00000000 1.07965814 -0.02884895 -0.60733315 0.35556818 -0.47232500 -0.32671923
183 183.00000000 1.08072629 -0.01335428 -0.57169831 0.35105386 -0.50902798 -0.33769959
184 184.00000000 1.08100833 0.00232146 -0.53505299 0.34407577 -0.54595534 -0.34639723
185 185.00000000 1.08048088 0.01813086 -0.49772480 0.33456528 -0.58275608 -0.35269614
186 186.00000000 1.07915219 0.03378507 -0.46062536 0.32273235 -0.61852683 -0.35651741
187 187.00000000 1.07702761 0.04935166 -0.42380694 0.30865717 -0.65322067 -0.35800882
188 188.00000000 1.07410304 0.06485551 -0.38738956 0.29246290 -0.68671349 -0.35731841
189 189.00000000 1.07025435 0.08073009 -0.35051412 0.27377934 -0.71974023 -0.35450943
190 190.00000000 1.06537651 0.09703287 -0.31319648 0.25255923 -0.75218003 -0.34959210
191 191.00000000 1.05935576 0.11377414 -0.27553329 0.22883383 -0.78382247 -0.34260797
192 192.00000000 1.05205289 0.13097445 -0.23755590 0.20264421 -0.81449699 -0.33361866
193 193.00000000 1.04329321 0.14866484 -0.19921967 0.17402730 -0.84407354 -0.32269214
194 194.00000000 1.03285012 0.16689081 -0.16038357 0.14299473 -0.87246656 -0.30988554
195 195.00000000 1.02042172 0.18571385 -0.12079049 0.10951353 -0.89963122 -0.29522739
196 196.00000000 1.00559450 0.20521241 -0.08003672 0.07348501 -0.92555778 -0.27869741
197 197.00000000 0.98778106 0.22548495 -0.03751207 0.03471211 -0.95026899 -0.26019706
198 198.00000000 0.96677917 0.24604491 0.00639342 -0.00592901 -0.97317260 -0.24011591
199 199.00000000 0.94348116 0.26557698 0.04962366 -0.04584346 -0.99310483 -0.21973352
200 200.00000000 0.91975499 0.28263441 0.08945811 -0.08193177 -1.00921310 -0.20070264
201 201.00000000 0.89490841 0.29795968 0.12787668 -0.11562780 -1.02278509 -0.18233188
202 202.00000000 0.86889762 0.31162960 0.16539382 -0.14710533 -1.03429144 -0.16452427
203 203.00000000 0.84044377 0.32416019 0.20402995 -0.17773248 -1.04447373 -0.14642771
204 204.00000000 0.81114477 0.33471313 0.24178694 -0.20567117 -1.05293170 -0.12904196
205 205.00000000 0.78077684 0.34337840 0.27922002 -0.23125669 -1.05999686 -0.11212171
206 206.00000000 0.74943902 0.35009336 0.31639679 -0.25446921 -1.06583581 -0.09562415
207 207.00000000 0.71722926 0.35479940 0.35335487 -0.27529990 -1.07058412 -0.07949950
208 208.00000000 0.68429373 0.35744004 0.39005189 -0.29372308 -1.07434562 -0.06371697
209 209.00000000 0.65081528 0.35797703 0.42638805 -0.30971937 -1.07720333 -0.04825766
210 210.00000000 0.61672874 0.35638020 0.46251043 -0.32339061 -1.07923917 -0.03298959
211 211.00000000 0.58138588 0.35250439 0.49912955 -0.33496683 -1.08051543 -0.01753756
212 212.00000000 0.54500105 0.34620231 0.53601010 -0.34428788 -1.08101115 -0.00191443
213 213.00000000 0.50769906 0.33734254 0.57300224 -0.35125878 -1.08070130 0.01391625
214 214.00000000 0.47053975 0.32612606 0.60904641 -0.35572813 -1.07958616 0.02960207
215 215.00000000 0.43363251 0.31263991 0.64404220 -0.35782975 -1.07767471 0.04518984
216 216.00000000 0.39709833 0.29700040 0.67786705 -0.35770829 -1.07496538 0.06070790
217 217.00000000 0.36038558 0.27900502 0.71099034 -0.35546475 -1.07137592 0.07645973
218 218.00000000 0.32317037 0.25845623 0.74361163 -0.35110562 -1.06678200 0.09264939
219 219.00000000 0.28559386 0.23539450 0.77548423 -0.34466654 -1.06107809 0.10927204
220 220.00000000 0.24770092 0.20985690 0.80643108 -0.33620452 -1.05413200 0.12634763
221 221.00000000 0.20946974 0.18188385 0.83631018 -0.32578754 -1.04577992 0.14390369
222 222.00000000 0.17078667 0.15149560 0.86502433 -0.31347731 -1.03581100 0.16198171
223 223.00000000 0.13142783 0.11867297 0.89251841 -0.29931178 -1.02394625 0.18063882
224 224.00000000 0.09103272 0.08333720 0.91877382 -0.28328599 -1.00980654 0.19994879
225 225.00000000 0.04905480 0.04532193 0.94380449 -0.26532611 -0.99285930 0.22000418
226 226.00000000 0.00505112 0.00468432 0.96746105 -0.24542525 -0.97251217 0.24074093
227 227.00000000 -0.03820754 -0.03535274 0.98809224 -0.22515538 -0.94988470 0.26050812
228 228.00000000 -0.07861705 -0.07220688 1.00503909 -0.20589173 -0.92642204 0.27809861
229 229.00000000 -0.11736398 -0.10653952 1.01925659 -0.18735066 -0.90189261 0.29389019
230 230.00000000 -0.15509129 -0.13862027 1.03129641 -0.16939485 -0.87620513 0.30801512
231 231.00000000 -0.19395056 -0.16993246 1.04197232 -0.15112078 -0.84802175 0.32105324
232 232.00000000 -0.23183324 -0.19850768 1.05083725 -0.13359461 -0.81900402 0.33210229
233 233.00000000 -0.26934844 -0.22472111 1.05825408 -0.11655304 -0.78890563 0.34127415
234 234.00000000 -0.30658515 -0.24856054 1.06440245 -0.09994967 -0.75781730 0.34851021
235 235.00000000 -0.34360257 -0.27002360 1.06942809 -0.08372992 -0.72582553 0.35375352
236 236.00000000 -0.38037622 -0.28908594 1.07344179 -0.06785918 -0.69306556 0.35694512
237 237.00000000 -0.41682016 -0.30572504 1.07653136 -0.05231568 -0.65971120 0.35804072
238 238.00000000 -0.45280326 -0.31993599 1.07876886 -0.03708682 -0.62596561 0.35702281
239 239.00000000 -0.48932680 -0.33209396 1.08025048 -0.02167612 -0.59092368 0.35377008
240 240.00000000 -0.52614963 -0.34202659 1.08095642 -0.00610281 -0.55480680 0.34812941
241 241.00000000 -0.56312917 -0.34963292 1.08086469 0.00966932 -0.51773552 0.33996360
242 242.00000000 -0.59945892 -0.35476545 1.07996422 0.02539819 -0.48050530 0.32936727
243 243.00000000 -0.63474697 -0.35748966 1.07826660 0.04100842 -0.44351963 0.31648124
244 244.00000000 -0.66889765 -0.35795059 1.07577243 0.05654263 -0.40687478 0.30140796
245 245.00000000 -0.70210234 -0.35627816 1.07243808 0.07217133 -0.37033574 0.28410682
246 246.00000000 -0.73489228 -0.35248608 1.06812346 0.08824759 -0.33323118 0.26423849
247 247.00000000 -0.76698451 -0.34660245 1.06273054 0.10475154 -0.29574603 0.24185090
248 248.00000000 -0.79819652 -0.33867869 1.05613353 0.12170297 -0.25793701 0.21697573
249 249.00000000 -0.82837460 -0.32878158 1.04817858 0.13912617 -0.21980398 0.18965541
250 250.00000000 -0.85740957 -0.31697618 1.03866925 0.15705867 -0.18125968 0.15991752
251 251.00000000 -0.88523549 -0.30330864 1.02734748 0.17555326 -0.14211200 0.12775538
252 252.00000000 -0.91182445 -0.28778765 1.01386519 0.19467916 -0.10204074 0.09310850
253 253.00000000 -0.93718172 -0.27036128 0.99773834 0.21452342 -0.06055661 0.05583786
254 254.00000000 -0.96134667 -0.25087830 0.97826320 0.23519670 -0.01691654 0.01568160
255 255.00000000 -0.98277246 -0.23068260 0.95625674 0.25524642 0.02651572 -0.02456383
256 256.00000000 -1.00069059 -0.21109779 0.93296035 0.27346037 0.06773025 -0.06236259
257 257.00000000 -1.01558858 -0.19237896 0.90874089 0.28972312 0.10684769 -0.09734416
258 258.00000000 -1.02818522 -0.17427046 0.88337360 0.30430126 0.14481162 -0.13003080
259 259.00000000 -1.03937624 -0.15581104 0.85545558 0.31784601 0.18392067 -0.16203497
260 260.00000000 -1.04866205 -0.13813954 0.82671757 0.32938552 0.22194447 -0.19124599
261 261.00000000 -1.05644040 -0.12097296 0.79688977 0.33905619 0.25955063 -0.21808323
262 262.00000000 -1.06290518 -0.10426122 0.76605495 0.34680435 0.29685023 -0.24254313
263 263.00000000 -1.06821316 -0.08794486 0.73428842 0.35257579 0.33392474 -0.26463093
264 264.00000000 -1.07248272 -0.07198526 0.70171444 0.35631009 0.37076828 -0.28432482
265 265.00000000 -1.07580693 -0.05635752 0.66849711 0.35795784 0.40730982 -0.30160032
266 266.00000000 -1.07826139 -0.04104713 0.63483335 0.35749355 0.44342805 -0.31644642
267 267.00000000 -1.07993997 -0.02568865 0.60012319 0.35483746 0.47981678 -0.32914881
268 268.00000000 -1.08084883 -0.01016008 0.56427221 0.34982993 0.51657662 -0.33966984
269 269.00000000 -1.08096680 0.00555730 0.52743524 0.34233099 0.55353155 -0.34788829
270 270.00000000 -1.08027477 0.02133030 0.49014620 0.33234043 0.59012857 -0.35367073
271 271.00000000 -1.07878373 0.03696433 0.45309335 0.32004156 0.62569039 -0.35700589
272 272.00000000 -1.07649677 0.05251595 0.41634846 0.30552408 0.66014831 -0.35804003
273 273.00000000 -1.07340419 0.06802584 0.37998754 0.28889635 0.69341666 -0.35692219
274 274.00000000 -1.06935421 0.08399268 0.34299809 0.26969133 0.72635612 -0.35368402
275 275.00000000 -1.06425535 0.10038220 0.30560650 0.24796257 0.75864885 -0.34834477
276 276.00000000 -1.05798749 0.11721445 0.26787921 0.22373527 0.79010829 -0.34094972
277 277.00000000 -1.05040554 0.13451092 0.22983573 0.19705238 0.82056981 -0.33156330
278 278.00000000 -1.04132576 0.15230544 0.19141322 0.16794721 0.84991253 -0.32025264
279 279.00000000 -1.03050853 0.17064666 0.15244897 0.13642392 0.87805956 -0.30707058
280 280.00000000 -1.01763288 0.18959940 0.11265928 0.10243816 0.90497360 -0.29203756
281 281.00000000 -1.00225640 0.20924576 0.07160493 0.06587460 0.93065148 -0.27512036
282 282.00000000 -0.98374468 0.22968918 0.02862176 0.02650997 0.95512292 -0.25619915
283 283.00000000 -0.96229279 0.25004952 -0.01510513 -0.01400373 0.97739792 -0.23604579
284 284.00000000 -0.93844883 0.26941453 -0.05837998 -0.05385270 0.99682881 -0.21556183
285 285.00000000 -0.91446913 0.28609760 -0.09788067 -0.08942720 1.01234980 -0.19667039
286 286.00000000 -0.88937128 0.30106148 -0.13606955 -0.12263369 1.02544084 -0.17842779
287 287.00000000 -0.86167465 0.31503804 -0.17541429 -0.15523409 1.03708894 -0.15980395
288 288.00000000 -0.83317315 0.32699139 -0.21357176 -0.18498684 1.04674492 -0.14200455
289 289.00000000 -0.80357602 0.33708112 -0.25126342 -0.21235270 1.05483944 -0.12472842
290 290.00000000 -0.77295958 0.34525854 -0.28861996 -0.23733630 1.06157954 -0.10792224
291 291.00000000 -0.74138984 0.35147256 -0.32574231 -0.25995033 1.06713216 -0.09152224
292 292.00000000 -0.70898171 0.35566234 -0.36264094 -0.28017601 1.07162265 -0.07548633
293 293.00000000 -0.67589068 0.35777486 -0.39925827 -0.29798815 1.07514895 -0.05978671
294 294.00000000 -0.64230753 0.35777837 -0.43548243 -0.31337135 1.07778996 -0.04440702
295 295.00000000 -0.60788493 0.35562029 -0.47175027 -0.32652888 1.07963520 -0.02909142
296 296.00000000 -0.57226691 0.35114361 -0.50844863 -0.33754432 1.08071554 -0.01359929
297 297.00000000 -0.53563655 0.34420529 -0.54537358 -0.34627861 1.08101014 0.00207331
298 298.00000000 -0.49830562 0.33473174 -0.58218971 -0.35261730 1.08049532 0.01788557
299 299.00000000 -0.46120284 0.32293466 -0.61797624 -0.35647603 1.07917908 0.03354137
300 300.00000000 -0.42437896 0.30889357 -0.65268796 -0.35800273 1.07706693 0.04910916
301 301.00000000 -0.38795460 0.29273138 -0.68620033 -0.35734517 1.07415494 0.06461379
302 302.00000000 -0.35108836 0.27408782 -0.71923313 -0.35456905 1.07032150 0.08048122
303 303.00000000 -0.31377650 0.25290665 -0.75168386 -0.34968406 1.06546036 0.09677740
304 304.00000000 -0.27611825 0.22921972 -0.78334002 -0.34273147 1.05945828 0.11351175
305 305.00000000 -0.23814584 0.20306789 -0.81403062 -0.33377265 1.05217646 0.13070476
306 306.00000000 -0.19981596 0.17448835 -0.84362492 -0.32287561 1.04344088 0.14838726
307 307.00000000 -0.16098921 0.14349325 -0.87203668 -0.31009777 1.03302590 0.16660452
308 308.00000000 -0.12141049 0.11005048 -0.89922051 -0.29546826 1.02063099 0.18541778
309 309.00000000 -0.08067866 0.07406254 -0.92516613 -0.27896774 1.00584479 0.20490520
310 310.00000000 -0.03818749 0.03533429 -0.94989579 -0.26049918 0.98808328 0.22516489
311 311.00000000 0.00572247 -0.00530683 -0.97284281 -0.24042843 0.96712034 0.24573526
312 312.00000000 0.04895240 -0.04522800 -0.99281505 -0.22005293 0.94386265 0.26528094
313 313.00000000 0.08881357 -0.08135591 -1.00896928 -0.20101125 0.92015571 0.28236716
314 314.00000000 0.12725054 -0.11508951 -1.02257877 -0.18263057 0.89532823 0.29772008
315 315.00000000 0.16477950 -0.14660292 -1.03411627 -0.16481425 0.86933677 0.31141717
316 316.00000000 0.20342822 -0.17727071 -1.04432738 -0.14670733 0.84089917 0.32397804
317 317.00000000 0.24119228 -0.20524734 -1.05280923 -0.12931335 0.81161694 0.33456069
318 318.00000000 0.27863003 -0.23087039 -1.05989506 -0.11238597 0.78126503 0.34325636
319 319.00000000 0.31581032 -0.25412042 -1.06575225 -0.09588219 0.74994194 0.35000261
320 320.00000000 0.35277202 -0.27498899 -1.07051695 -0.07975191 0.71774493 0.35474090
321 321.00000000 0.38947381 -0.29345044 -1.07429336 -0.06396414 0.68481955 0.35741458
322 322.00000000 0.42581669 -0.30948519 -1.07716481 -0.04849982 0.65134811 0.35798501
323 323.00000000 0.46192969 -0.32318844 -1.07921262 -0.03323468 0.61728294 0.35642312
324 324.00000000 0.49854352 -0.33479971 -1.08050118 -0.01778512 0.58195766 0.35258482
325 325.00000000 0.53542092 -0.34415748 -1.08100951 -0.00216503 0.54558859 0.34632252
326 326.00000000 0.57241266 -0.35116648 -1.08071275 0.01366208 0.50830009 0.33750440
327 327.00000000 0.60847419 -0.35567528 -1.07961044 0.02935040 0.47113626 0.32632487
328 328.00000000 0.64348774 -0.35781390 -1.07771181 0.04493945 0.43422407 0.31287444
329 329.00000000 0.67733232 -0.35772701 -1.07501539 0.06045842 0.39768307 0.29726858
330 330.00000000 0.71046093 -0.35551758 -1.07144136 0.07620288 0.36098043 0.27931469
331 331.00000000 0.74309270 -0.35119222 -1.06686433 0.09238574 0.32377162 0.25880648
332 332.00000000 0.77497879 -0.34478618 -1.06117924 0.10900127 0.28620045 0.23578491
333 333.00000000 0.80594176 -0.33635615 -1.05425431 0.12606939 0.24831255 0.21028676
334 334.00000000 0.83583892 -0.32597007 -1.04592635 0.14361745 0.21008743 0.18235262
335 335.00000000 0.86457233 -0.31368988 -1.03598541 0.16168666 0.17141308 0.15200322
336 336.00000000 0.89208626 -0.29955407 -1.02415380 0.18033392 0.13206754 0.11922015
337 337.00000000 0.91836155 -0.28355853 -1.01005437 0.19963273 0.09169282 0.08392581
338 338.00000000 0.92556925 -0.27868948 -1.00558722 0.20522132 0.08001797 0.07346815
