101 0.0158097780283555
101.25 0.0161305723301809
101.5 0.0164612243822227
101.75 0.0168021419997596
102 0.0171537542937797
102.25 0.017516513018616
102.5 0.0178908940200689
102.75 0.0182773987926632
103 0.0186765561555381
103.25 0.019088924057401
103.5 0.0195150915220257
103.75 0.0199556807469303
104 0.0204113493691664
104.25 0.0208827929135877
104.5 0.0213707474405771
104.75 0.0218759924120054
105 0.0223993537962054
105.25 0.0229417074349961
105.5 0.0235039826983202
105.75 0.0240871664548895
106 0.0246923073904307
106.25 0.0253205207087106
106.5 0.0259729932545795
106.75 0.026650989102845
107 0.0273558556619714
107.25 0.0280890303474646
107.5 0.0288520478864629
107.75 0.0296465483226208
108 0.0304742857989859
108.25 0.0313371382063956
108.5 0.0322371177961379
108.75 0.0331763828684644
109 0.0341572506632616
109.25 0.0351822115960955
109.5 0.0362539450023008
109.75 0.0373753365742169
110 0.0385494977025965
110.25 0.0397797869632182
110.5 0.0410698340245537
110.75 0.0424235662928311
111 0.0438452386580233
111.25 0.0453394667594197
111.5 0.046911264253999
111.75 0.0485660846466102
112 0.0503098683301744
112.25 0.0521490955893951
112.5 0.0540908464460378
112.75 0.0561428683716787
113 0.0583136530697695
113.25 0.0606125237389133
113.5 0.0630497344807786
113.75 0.0656365838182665
114 0.0683855446538101
114.25 0.0713104134382986
114.5 0.0744264818560077
114.75 0.0777507349826733
115 0.0813020806710868
115.25 0.085101615897711
115.5 0.0891729370113424
115.75 0.0935425023205351
116 0.0982400573174975
116.25 0.103299135162609
116.5 0.108757647976242
116.75 0.114658588174735
117 0.121050863771597
117.25 0.127990297544211
117.5 0.135540827642764
117.75 0.143775957133485
118 0.152780512856721
118.25 0.162652790844553
118.5 0.173507187762064
118.75 0.185477447324041
119 0.198720690069773
119.25 0.213422448024361
119.5 0.229802998001379
119.75 0.248125386311406
120 0.268705674595306
120.25 0.291926127728649
120.5 0.318252334364298
120.75 0.348255634669888
121 0.382642782346212
121.25 0.422295571381359
121.5 0.468324338233759
121.75 0.522141001410862
122 0.585559922683663
122.25 0.660938829448466
122.5 0.751378027835378
122.75 0.861005190312586
123 0.995386506106018
123.25 1.16212439991968
123.5 1.37172746773018
123.75 1.63886335932169
124 1.98410054063218
124.25 2.43610733073664
124.5 3.03368899829374
124.75 3.8251314905424
125 4.85713536933632
125.25 6.13523557699534
125.5 7.53240690506145
125.75 8.6818397980322
126 9.06924708020046
126.25 8.47464661549077
126.5 7.22586103490444
126.75 5.83290670479858
127 4.6051770919395
127.25 3.62964249290197
127.5 2.88576930015014
127.75 2.32448200404749
128 1.89920823234302
128.25 1.57350581829051
128.5 1.320710169783
128.75 1.12174305401056
129 0.962994424081853
129.25 0.834695291285999
129.5 0.729760357464837
129.75 0.642987478494212
130 0.570507892507159
130.25 0.509407605575511
130.5 0.457464613070829
130.75 0.412964638000864
131 0.374570448248575
131.25 0.341228078853598
131.5 0.312098746597248
131.75 0.286508851972679
132 0.263912858918362
132.25 0.24386544542938
132.5 0.226000400634126
132.75 0.210014482430083
133 0.195654958871185
133.25 0.182709911122894
133.5 0.171000625365569
133.75 0.160375578418275
134 0.150705649170092
134.25 0.141880280134709
134.5 0.133804380855583
134.75 0.126395814584857
135 0.119583346596554
135.25 0.113304960164924
135.5 0.107506467123033
135.75 0.102140355792228
136 0.0971648312242811
136.25 0.0925430120594424
136.5 0.0882422555612729
136.75 0.0842335880494291
137 0.080491222391614
137.25 0.0769921477178705
137.5 0.0737157792970986
137.75 0.0706436587284671
138 0.0677591963723548
138.25 0.0650474493710516
138.5 0.0624949297615047
138.75 0.0600894381174286
139 0.0578199189201217
139.25 0.055676334480851
139.5 0.0536495547498043
139.75 0.0517312607688305
140 0.0499138598745153
140.25 0.048190411048158
140.5 0.0465545590507937
140.75 0.0450004761832789
141 0.0435228106806805
141.25 0.0421166408924851
141.5 0.040777434520108
141.75 0.0395010122846278
142 0.0382835154836774
142.25 0.0371213769695416
142.5 0.0360112951428277
142.75 0.0349502106093187
143 0.0339352851932175
143.25 0.0329638830391359
143.5 0.0320335535688612
143.75 0.0311420160879759
144 0.0302871458624979
144.25 0.0294669615074433
144.5 0.0286796135480635
144.75 0.0279233740309044
145 0.0271966270761087
145.25 0.0264978602748457
145.5 0.0258256568466419
145.75 0.0251786884809264
146 0.0245557087954733
146.25 0.0239555473517781
146.5 0.0233771041738755
146.75 0.0228193447228141
147 0.0222812952840428
147.25 0.0217620387294151
147.5 0.0212607106194692
147.75 0.0207764956151353
148 0.0203086241711351
148.25 0.0198563694860963
148.5 0.019419044686875
148.75 0.0189960002267643
149 0.0185866214792363
149.25 0.018190326510612
149.5 0.0178065640166217
149.75 0.0174348114092293
150 0.0170745730413483
150.25 0.0167253785582161
150.5 0.016386781365209
150.75 0.0160583572027983
151 0.015739702820175
151.25 0.0154304347398163
151.5 0.0151301881059416
151.75 0.0148386156104125
152 0.0145553864901862
152.25 0.0142801855909274
152.5 0.014012712491839
152.75 0.0137526806871826
153 0.0134998168203317
153.25 0.0132538599665418
153.5 0.0130145609609297
153.75 0.0127816817684354
154 0.0125549948927978
154.25 0.0123342828218083
154.5 0.0121193375063204
154.75 0.0119099598706894
155 0.0117059593524952
155.25 0.0115071534695629
155.5 0.011313367412449
155.75 0.0111244336606945
156 0.0109401916212766
156.25 0.0107604872878018
156.5 0.0105851729190945
156.75 0.0104141067359279
157 0.0102471526347385
157.25 0.0100841799172455
157.5 0.0099250630349731
157.75 0.00976968134774584
158 0.00961791889528934
158.25 0.00946966418113111
158.5 0.00932480996805007
158.75 0.00918325308437506
159 0.00904489424047992
