  0.0000	  1.0000	  0.0000	 27.4210
  0.0200	  1.5484	  0.0255	 27.4169
  0.0400	  2.0966	  0.0619	 27.4048
  0.0600	  2.6445	  0.1093	 27.3844
  0.0800	  3.1919	  0.1677	 27.3560
  0.1000	  3.7387	  0.2370	 27.3195
  0.1200	  4.2847	  0.3173	 27.2748
  0.1400	  4.8297	  0.4084	 27.2220
  0.1600	  5.3735	  0.5104	 27.1611
  0.1800	  5.9160	  0.6233	 27.0921
  0.2000	  6.4571	  0.7471	 27.0149
  0.2200	  6.9966	  0.8816	 26.9296
  0.2400	  7.5343	  1.0269	 26.8362
  0.2600	  8.0700	  1.1830	 26.7347
  0.2800	  8.6036	  1.3497	 26.6250
  0.3000	  9.1349	  1.5271	 26.5073
  0.3200	  9.6638	  1.7151	 26.3814
  0.3400	 10.1901	  1.9136	 26.2474
  0.3600	 10.7137	  2.1227	 26.1052
  0.3800	 11.2343	  2.3422	 25.9550
  0.4000	 11.7518	  2.5720	 25.7966
  0.4200	 12.2661	  2.8122	 25.6301
  0.4400	 12.7770	  3.0626	 25.4555
  0.4600	 13.2843	  3.3233	 25.2727
  0.4800	 13.7878	  3.5940	 25.0818
  0.5000	 14.2875	  3.8747	 24.8828
  0.5200	 14.7831	  4.1655	 24.6757
  0.5400	 15.2744	  4.4660	 24.4605
  0.5600	 15.7614	  4.7764	 24.2371
  0.5800	 16.2439	  5.0965	 24.0057
  0.6000	 16.7216	  5.4261	 23.7661
  0.6200	 17.1945	  5.7653	 23.5183
  0.6400	 17.6623	  6.1139	 23.2625
  0.6600	 18.1249	  6.4718	 22.9985
  0.6800	 18.5822	  6.8388	 22.7264
  0.7000	 19.0339	  7.2150	 22.4462
  0.7200	 19.4800	  7.6002	 22.1579
  0.7400	 19.9202	  7.9942	 21.8614
  0.7600	 20.3544	  8.3969	 21.5569
  0.7800	 20.7824	  8.8083	 21.2442
  0.8000	 21.2041	  9.2282	 20.9233
  0.8200	 21.6193	  9.6564	 20.5944
  0.8400	 22.0278	 10.0929	 20.2573
  0.8600	 22.4295	 10.5375	 19.9121
  0.8800	 22.8242	 10.9900	 19.5588
  0.9000	 23.2118	 11.4504	 19.1974
  0.9200	 23.5921	 11.9185	 18.8278
  0.9400	 23.9649	 12.3940	 18.4502
  0.9600	 24.3300	 12.8770	 18.0644
  0.9800	 24.6874	 13.3672	 17.6704
  1.0000	 25.0368	 14.7105	 17.2684
  1.0200	 25.3781	 15.2147	 16.8618
  1.0400	 25.7113	 15.7256	 16.4542
  1.0600	 26.0363	 16.2431	 16.0456
  1.0800	 26.3531	 16.7670	 15.6359
  1.1000	 26.6617	 17.2971	 15.2253
  1.1200	 26.9621	 17.8334	 14.8136
  1.1400	 27.2542	 18.3756	 14.4010
  1.1600	 27.5381	 18.9235	 13.9873
  1.1800	 27.8137	 19.4770	 13.5726
  1.2000	 28.0810	 20.0360	 13.1569
  1.2200	 28.3400	 20.6002	 12.7403
  1.2400	 28.5906	 21.1695	 12.3225
  1.2600	 28.8329	 21.7438	 11.9038
  1.2800	 29.0668	 22.3228	 11.4841
  1.3000	 29.2922	 22.9064	 11.0634
  1.3200	 29.5093	 23.4944	 10.6417
  1.3400	 29.7179	 24.0867	 10.2189
  1.3600	 29.9180	 24.6831	  9.7952
  1.3800	 30.1097	 25.2834	  9.3704
  1.4000	 30.2929	 25.8874	  8.9446
  1.4200	 30.4675	 26.4950	  8.5179
  1.4400	 30.6336	 27.1061	  8.0901
  1.4600	 30.7911	 27.7203	  7.6613
  1.4800	 30.9400	 28.3376	  7.2315
  1.5000	 31.0803	 28.9579	  6.8007
  1.5200	 31.2120	 29.5808	  6.3688
  1.5400	 31.3351	 30.2063	  5.9360
  1.5600	 31.4495	 30.8341	  5.5022
  1.5800	 31.5552	 31.4642	  5.0673
  1.6000	 31.6521	 32.0963	  4.6315
  1.6200	 31.7404	 32.7302	  4.1946
  1.6400	 31.8199	 33.3658	  3.7567
  1.6600	 31.8907	 34.0030	  3.3178
  1.6800	 31.9526	 34.6414	  2.8780
  1.7000	 32.0058	 35.2810	  2.4371
  1.7200	 32.0501	 35.9216	  1.9952
  1.7400	 32.0856	 36.5630	  1.5522
  1.7600	 32.1122	 37.2050	  1.1083
  1.7800	 32.1299	 37.8474	  0.6634
  1.8000	 32.1387	 38.4901	  0.2174
  1.8200	 32.1386	 39.1329	 -0.2295
  1.8400	 32.1295	 39.7756	 -0.6775
  1.8600	 32.1115	 40.4180	 -1.1264
  1.8800	 32.0845	 41.0600	 -1.5764
  1.9000	 32.0484	 41.7013	 -2.0274
  1.9200	 32.0034	 42.3419	 -2.4794
  1.9400	 31.9492	 42.9814	 -2.9324
  1.9600	 31.8861	 43.6198	 -3.3864
  1.9800	 31.8138	 44.2568	 -3.8414
  2.0000	 31.7324	 42.4592	 -4.2974
  2.0200	 31.6419	 43.0929	 -4.7497
  2.0400	 31.5425	 43.7248	 -5.1936
  2.0600	 31.4342	 44.3546	 -5.6291
  2.0800	 31.3174	 44.9821	 -6.0562
  2.1000	 31.1920	 45.6072	 -6.4749
  2.1200	 31.0584	 46.2297	 -6.8851
  2.1400	 30.9167	 46.8495	 -7.2870
  2.1600	 30.7670	 47.4663	 -7.6804
  2.1800	 30.6095	 48.0801	 -8.0654
  2.2000	 30.4444	 48.6907	 -8.4420
  2.2200	 30.2719	 49.2978	 -8.8101
  2.2400	 30.0921	 49.9015	 -9.1699
  2.2600	 29.9052	 50.5015	 -9.5212
  2.2800	 29.7113	 51.0976	 -9.8642
  2.3000	 29.5107	 51.6899	-10.1987
  2.3200	 29.3034	 52.2780	-10.5248
  2.3400	 29.0897	 52.8620	-10.8424
  2.3600	 28.8698	 53.4416	-11.1517
  2.3800	 28.6437	 54.0167	-11.4526
  2.4000	 28.4117	 54.5873	-11.7450
  2.4200	 28.1740	 55.1531	-12.0290
  2.4400	 27.9306	 55.7142	-12.3046
  2.4600	 27.6818	 56.2703	-12.5718
  2.4800	 27.4278	 56.8214	-12.8306
  2.5000	 27.1687	 57.3674	-13.0810
  2.5200	 26.9046	 57.9082	-13.3229
  2.5400	 26.6358	 58.4436	-13.5564
  2.5600	 26.3624	 58.9736	-13.7816
  2.5800	 26.0846	 59.4980	-13.9983
  2.6000	 25.8025	 60.0169	-14.2065
  2.6200	 25.5164	 60.5301	-14.4064
  2.6400	 25.2263	 61.0375	-14.5979
  2.6600	 24.9325	 61.5391	-14.7809
  2.6800	 24.6352	 62.0348	-14.9555
  2.7000	 24.3344	 62.5245	-15.1218
  2.7200	 24.0303	 63.0082	-15.2796
  2.7400	 23.7232	 63.4857	-15.4289
  2.7600	 23.4132	 63.9571	-15.5699
  2.7800	 23.1005	 64.4222	-15.7025
  2.8000	 22.7852	 64.8811	-15.8266
  2.8200	 22.4675	 65.3336	-15.9423
  2.8400	 22.1476	 65.7798	-16.0496
  2.8600	 21.8256	 66.2195	-16.1485
  2.8800	 21.5017	 66.6528	-16.2390
  2.9000	 21.1761	 67.0796	-16.3210
  2.9200	 20.8489	 67.4998	-16.3947
  2.9400	 20.5203	 67.9135	-16.4599
  2.9600	 20.1905	 68.3206	-16.5167
  2.9800	 19.8597	 68.7211	-16.5651
  3.0000	 19.5280	 65.3851	-16.6051
  3.0200	 19.1956	 65.7724	-16.6360
  3.0400	 18.8626	 66.1529	-16.6572
  3.0600	 18.5293	 66.5269	-16.6687
  3.0800	 18.1959	 66.8941	-16.6705
  3.1000	 17.8626	 67.2547	-16.6625
  3.1200	 17.5295	 67.6086	-16.6448
  3.1400	 17.1969	 67.9559	-16.6174
  3.1600	 16.8649	 68.2965	-16.5802
  3.1800	 16.5337	 68.6305	-16.5333
  3.2000	 16.2036	 68.9579	-16.4767
  3.2200	 15.8747	 69.2786	-16.4104
  3.2400	 15.5473	 69.5929	-16.3344
  3.2600	 15.2214	 69.9005	-16.2486
  3.2800	 14.8974	 70.2017	-16.1531
  3.3000	 14.5753	 70.4965	-16.0479
  3.3200	 14.2555	 70.7848	-15.9330
  3.3400	 13.9381	 71.0667	-15.8083
  3.3600	 13.6233	 71.3423	-15.6739
  3.3800	 13.3112	 71.6116	-15.5298
  3.4000	 13.0021	 71.8748	-15.3760
  3.4200	 12.6962	 72.1317	-15.2124
  3.4400	 12.3937	 72.3826	-15.0392
  3.4600	 12.0947	 72.6275	-14.8562
  3.4800	 11.7995	 72.8665	-14.6634
  3.5000	 11.5083	 73.0995	-14.4610
  3.5200	 11.2211	 73.3268	-14.2488
  3.5400	 10.9384	 73.5484	-14.0269
  3.5600	 10.6601	 73.7644	-13.7953
  3.5800	 10.3866	 73.9748	-13.5539
  3.6000	 10.1180	 74.1799	-13.3029
  3.6200	  9.8546	 74.3796	-13.0421
  3.6400	  9.5964	 74.5741	-12.7716
  3.6600	  9.3438	 74.7635	-12.4913
  3.6800	  9.0968	 74.9479	-12.2014
  3.7000	  8.8558	 75.1274	-11.9017
  3.7200	  8.6208	 75.3021	-11.5923
  3.7400	  8.3922	 75.4723	-11.2731
  3.7600	  8.1700	 75.6379	-10.9443
  3.7800	  7.9544	 75.7991	-10.6057
  3.8000	  7.7458	 75.9561	-10.2574
  3.8200	  7.5442	 76.1090	 -9.8994
  3.8400	  7.3499	 76.2579	 -9.5316
  3.8600	  7.1630	 76.4030	 -9.1541
  3.8800	  6.9838	 76.5445	 -8.7669
  3.9000	  6.8124	 76.6824	 -8.3700
  3.9200	  6.6491	 76.8170	 -7.9634
  3.9400	  6.4939	 76.9485	 -7.5470
  3.9600	  6.3472	 77.0769	 -7.1209
  3.9800	  6.2092	 77.2024	 -6.6851
  4.0000	  6.0799	 76.0888	 -6.2396
  4.0200	  5.9596	 76.2092	 -5.7881
  4.0400	  5.8484	 76.3272	 -5.3343
  4.0600	  5.7463	 76.4432	 -4.8784
  4.0800	  5.6533	 76.5571	 -4.4202
  4.1000	  5.5695	 76.6694	 -3.9598
  4.1200	  5.4949	 76.7800	 -3.4971
  4.1400	  5.4296	 76.8892	 -3.0323
  4.1600	  5.3736	 76.9972	 -2.5652
  4.1800	  5.3270	 77.1042	 -2.0959
  4.2000	  5.2898	 77.2104	 -1.6244
  4.2200	  5.2620	 77.3159	 -1.1506
  4.2400	  5.2438	 77.4209	 -0.6746
  4.2600	  5.2351	 77.5257	 -0.1964
  4.2800	  5.2359	 77.6304	  0.2840
  4.3000	  5.2465	 77.7352	  0.7666
  4.3200	  5.2666	 77.8403	  1.2515
  4.3400	  5.2965	 77.9459	  1.7386
  4.3600	  5.3362	 78.0522	  2.2279
  4.3800	  5.3857	 78.1594	  2.7194
  4.4000	  5.4450	 78.2677	  3.2132
  4.4200	  5.5142	 78.3773	  3.7092
  4.4400	  5.5934	 78.4884	  4.2074
  4.4600	  5.6825	 78.6011	  4.7078
  4.4800	  5.7817	 78.7157	  5.2105
  4.5000	  5.8909	 78.8324	  5.7154
  4.5200	  6.0103	 78.9514	  6.2225
  4.5400	  6.1399	 79.0729	  6.7318
  4.5600	  6.2796	 79.1971	  7.2434
  4.5800	  6.4296	 79.3242	  7.7571
  4.6000	  6.5899	 79.4543	  8.2731
  4.6200	  6.7605	 79.5878	  8.7914
  4.6400	  6.9416	 79.7248	  9.3118
  4.6600	  7.1330	 79.8656	  9.8345
  4.6800	  7.3350	 80.0102	 10.3594
  4.7000	  7.5474	 80.1590	 10.8865
  4.7200	  7.7704	 80.3122	 11.4158
  4.7400	  8.0041	 80.4699	 11.9474
  4.7600	  8.2484	 80.6324	 12.4812
  4.7800	  8.5033	 80.7999	 13.0172
  4.8000	  8.7691	 80.9726	 13.5554
  4.8200	  9.0456	 81.1508	 14.0959
  4.8400	  9.3329	 81.3345	 14.6386
  4.8600	  9.6311	 81.5242	 15.1835
  4.8800	  9.9403	 81.7198	 15.7306
  4.9000	 10.2604	 81.9218	 16.2800
  4.9200	 10.5915	 82.1303	 16.8315
  4.9400	 10.9336	 82.3456	 17.3853
  4.9600	 11.2869	 82.5678	 17.9414
  4.9800	 11.6513	 82.7971	 18.4996
  5.0000	 12.0269	 83.0339	 19.0601
  5.0200	 12.4137	 85.8616	 19.6179
  5.0400	 12.8116	 86.1139	 20.1683
  5.0600	 13.2204	 86.3742	 20.7112
  5.0800	 13.6400	 86.6428	 21.2467
  5.1000	 14.0702	 86.9199	 21.7746
  5.1200	 14.5109	 87.2056	 22.2952
  5.1400	 14.9619	 87.5004	 22.8082
  5.1600	 15.4232	 87.8042	 23.3138
  5.1800	 15.8944	 88.1174	 23.8119
  5.2000	 16.3756	 88.4400	 24.3025
  5.2200	 16.8665	 88.7724	 24.7857
  5.2400	 17.3670	 89.1148	 25.2613
  5.2600	 17.8769	 89.4672	 25.7296
  5.2800	 18.3961	 89.8299	 26.1903
  5.3000	 18.9245	 90.2031	 26.6436
  5.3200	 19.4618	 90.5869	 27.0894
  5.3400	 20.0080	 90.9816	 27.5278
  5.3600	 20.5629	 91.3873	 27.9587
  5.3800	 21.1263	 91.8042	 28.3821
  5.4000	 21.6981	 92.2324	 28.7980
  5.4200	 22.2782	 92.6722	 29.2065
  5.4400	 22.8663	 93.1236	 29.6075
  5.4600	 23.4624	 93.5869	 30.0010
  5.4800	 24.0663	 94.0622	 30.3871
  5.5000	 24.6778	 94.5496	 30.7657
  5.5200	 25.2969	 95.0493	 31.1368
  5.5400	 25.9233	 95.5615	 31.5005
  5.5600	 26.5569	 96.0863	 31.8567
  5.5800	 27.1975	 96.6238	 32.2054
  5.6000	 27.8450	 97.1742	 32.5467
  5.6200	 28.4993	 97.7377	 32.8804
  5.6400	 29.1602	 98.3143	 33.2068
  5.6600	 29.8275	 98.9041	 33.5256
  5.6800	 30.5012	 99.5074	 33.8370
  5.7000	 31.1810	100.1242	 34.1409
  5.7200	 31.8668	100.7547	 34.4373
  5.7400	 32.5584	101.3989	 34.7263
  5.7600	 33.2558	102.0571	 35.0078
  5.7800	 33.9587	102.7292	 35.2819
  5.8000	 34.6670	103.4154	 35.5484
  5.8200	 35.3805	104.1159	 35.8075
  5.8400	 36.0992	104.8307	 36.0592
  5.8600	 36.8229	105.5599	 36.3033
  5.8800	 37.5513	106.3036	 36.5400
  5.9000	 38.2844	107.0620	 36.7692
  5.9200	 39.0220	107.8350	 36.9910
  5.9400	 39.7640	108.6229	 37.2053
  5.9600	 40.5102	109.4256	 37.4121
  5.9800	 41.2604	110.2433	 37.6114
  6.0000	 42.0146	111.0761	 37.8033
  6.0200	 42.7725	116.2118	 37.9865
  6.0400	 43.5340	117.0749	 38.1599
  6.0600	 44.2988	117.9532	 38.3235
  6.0800	 45.0669	118.8469	 38.4772
  6.1000	 45.8379	119.7559	 38.6211
  6.1200	 46.6117	120.6804	 38.7552
  6.1400	 47.3880	121.6204	 38.8794
  6.1600	 48.1668	122.5759	 38.9938
  6.1800	 48.9477	123.5471	 39.0984
  6.2000	 49.7306	124.5339	 39.1931
  6.2200	 50.5154	125.5363	 39.2780
  6.2400	 51.3017	126.5545	 39.3531
  6.2600	 52.0894	127.5884	 39.4184
  6.2800	 52.8784	128.6381	 39.4738
  6.3000	 53.6683	129.7035	 39.5193
  6.3200	 54.4591	130.7848	 39.5551
  6.3400	 55.2504	131.8819	 39.5810
  6.3600	 56.0422	132.9948	 39.5971
  6.3800	 56.8343	134.1236	 39.6033
  6.4000	 57.6263	135.2682	 39.5997
  6.4200	 58.4182	136.4287	 39.5863
  6.4400	 59.2097	137.6049	 39.5631
  6.4600	 60.0006	138.7970	 39.5300
  6.4800	 60.7908	140.0050	 39.4871
  6.5000	 61.5801	141.2287	 39.4343
  6.5200	 62.3681	142.4681	 39.3717
  6.5400	 63.1549	143.7234	 39.2993
  6.5600	 63.9400	144.9943	 39.2171
  6.5800	 64.7235	146.2810	 39.1250
  6.6000	 65.5050	147.5833	 39.0231
  6.6200	 66.2843	148.9012	 38.9113
  6.6400	 67.0614	150.2346	 38.7898
  6.6600	 67.8359	151.5836	 38.6583
  6.6800	 68.6076	152.9480	 38.5171
  6.7000	 69.3765	154.3279	 38.3660
  6.7200	 70.1422	155.7231	 38.2051
  6.7400	 70.9046	157.1335	 38.0344
  6.7600	 71.6635	158.5592	 37.8538
  6.7800	 72.4187	160.0001	 37.6634
  6.8000	 73.1700	161.4560	 37.4632
  6.8200	 73.9172	162.9268	 37.2531
  6.8400	 74.6600	164.4126	 37.0332
  6.8600	 75.3984	165.9132	 36.8035
  6.8800	 76.1321	167.4285	 36.5639
  6.9000	 76.8609	168.9585	 36.3145
  6.9200	 77.5846	170.5029	 36.0553
  6.9400	 78.3031	172.0618	 35.7862
  6.9600	 79.0160	173.6350	 35.5073
  6.9800	 79.7233	175.2224	 35.2186
  7.0000	 80.4247	176.8239	 34.9201
  7.0200	 81.1201	180.6395	 34.6141
  7.0400	 81.8092	182.2688	 34.3034
  7.0600	 82.4922	183.9118	 33.9878
  7.0800	 83.1687	185.5684	 33.6673
  7.1000	 83.8388	187.2385	 33.3420
  7.1200	 84.5024	188.9219	 33.0118
  7.1400	 85.1593	190.6186	 32.6767
  7.1600	 85.8094	192.3282	 32.3368
  7.1800	 86.4527	194.0509	 31.9921
  7.2000	 87.0890	195.7863	 31.6424
  7.2200	 87.7184	197.5344	 31.2880
  7.2400	 88.3405	199.2950	 30.9286
  7.2600	 88.9555	201.0680	 30.5644
  7.2800	 89.5631	202.8532	 30.1954
  7.3000	 90.1633	204.6504	 29.8215
  7.3200	 90.7559	206.4596	 29.4427
  7.3400	 91.3409	208.2806	 29.0591
  7.3600	 91.9182	210.1132	 28.6706
  7.3800	 92.4877	211.9573	 28.2773
  7.4000	 93.0493	213.8127	 27.8791
  7.4200	 93.6029	215.6792	 27.4760
  7.4400	 94.1483	217.5567	 27.0681
  7.4600	 94.6855	219.4451	 26.6554
  7.4800	 95.2145	221.3441	 26.2377
  7.5000	 95.7350	223.2536	 25.8153
  7.5200	 96.2471	225.1735	 25.3879
  7.5400	 96.7505	227.1034	 24.9557
  7.5600	 97.2453	229.0434	 24.5187
  7.5800	 97.7312	230.9932	 24.0768
  7.6000	 98.2083	232.9526	 23.6300
  7.6200	 98.6764	234.9215	 23.1784
  7.6400	 99.1354	236.8996	 22.7219
  7.6600	 99.5852	238.8868	 22.2606
  7.6800	100.0258	240.8830	 21.7944
  7.7000	100.4570	242.8878	 21.3233
  7.7200	100.8787	244.9012	 20.8474
  7.7400	101.2908	246.9229	 20.3667
  7.7600	101.6933	248.9527	 19.8810
  7.7800	102.0861	250.9905	 19.3905
  7.8000	102.4689	253.0361	 18.8952
  7.8200	102.8418	255.0892	 18.3950
  7.8400	103.2047	257.1497	 17.8900
  7.8600	103.5574	259.2174	 17.3800
  7.8800	103.8999	261.2919	 16.8653
  7.9000	104.2320	263.3733	 16.3457
  7.9200	104.5536	265.4612	 15.8212
  7.9400	104.8648	267.5554	 15.2918
  7.9600	105.1653	269.6557	 14.7576
  7.9800	105.4551	271.7619	 14.2186
  8.0000	105.7340	273.8738	 13.6747
  8.0200	106.0021	274.6004	 13.1338
  8.0400	106.2594	276.7231	 12.6038
  8.0600	106.5063	278.8507	 12.0848
  8.0800	106.7429	280.9833	 11.5767
  8.1000	106.9694	283.1204	 11.0796
  8.1200	107.1861	285.2620	 10.5933
  8.1400	107.3932	287.4078	 10.1180
  8.1600	107.5909	289.5576	  9.6536
  8.1800	107.7795	291.7114	  9.2001
  8.2000	107.9590	293.8688	  8.7576
  8.2200	108.1298	296.0297	  8.3260
  8.2400	108.2921	298.1939	  7.9053
  8.2600	108.4461	300.3613	  7.4956
  8.2800	108.5920	302.5317	  7.0967
  8.3000	108.7301	304.7049	  6.7088
  8.3200	108.8605	306.8808	  6.3319
  8.3400	108.9834	309.0593	  5.9658
  8.3600	109.0992	311.2401	  5.6107
  8.3800	109.2079	313.4232	  5.2665
  8.4000	109.3099	315.6084	  4.9332
  8.4200	109.4053	317.7956	  4.6109
  8.4400	109.4944	319.9846	  4.2995
  8.4600	109.5774	322.1753	  3.9990
  8.4800	109.6544	324.3676	  3.7094
  8.5000	109.7258	326.5614	  3.4308
  8.5200	109.7917	328.7566	  3.1631
  8.5400	109.8524	330.9531	  2.9063
  8.5600	109.9081	333.1507	  2.6605
  8.5800	109.9589	335.3494	  2.4255
  8.6000	110.0052	337.5490	  2.2015
  8.6200	110.0470	339.7495	  1.9885
  8.6400	110.0848	341.9509	  1.7863
  8.6600	110.1186	344.1529	  1.5951
  8.6800	110.1486	346.3556	  1.4148
  8.7000	110.1752	348.5588	  1.2454
  8.7200	110.1985	350.7626	  1.0870
  8.7400	110.2188	352.9667	  0.9395
  8.7600	110.2362	355.1713	  0.8029
  8.7800	110.2510	357.3762	  0.6772
  8.8000	110.2633	359.5813	  0.5625
  8.8200	110.2735	361.7867	  0.4587
  8.8400	110.2818	363.9922	  0.3658
  8.8600	110.2882	366.1979	  0.2839
  8.8800	110.2932	368.4038	  0.2128
  8.9000	110.2968	370.6097	  0.1527
  8.9200	110.2994	372.8156	  0.1036
  8.9400	110.3010	375.0216	  0.0653
  8.9600	110.3021	377.2277	  0.0380
  8.9800	110.3026	379.4337	  0.0216
  9.0000	110.3030	381.6398	  0.0162
