0 1
0.09 3.81911
0.18 6.5085
0.27 9.06818
0.36 11.4981
0.45 13.7984
0.54 15.9689
0.63 18.0097
0.72 19.9208
0.81 21.7021
0.9 23.3538
0.99 24.8757
1.08 26.2672
1.17 27.5239
1.26 28.6399
1.35 29.6094
1.44 30.4266
1.53 31.0857
1.62 31.5809
1.71 31.9065
1.8 32.0565
1.89 32.0253
1.98 31.8069
2.07 31.3974
2.16 30.8065
2.25 30.0505
2.34 29.1459
2.43 28.109
2.52 26.9563
2.61 25.7041
2.7 24.3687
2.79 22.9667
2.88 21.5144
2.97 20.0281
3.06 18.5244
3.15 17.0203
3.24 15.5332
3.33 14.0806
3.42 12.68
3.51 11.3489
3.6 10.1046
3.69 8.96472
3.78 7.94667
3.87 7.06791
3.96 6.3459
4.05 5.79774
4.14 5.43361
4.23 5.25772
4.32 5.2741
4.41 5.48679
4.5 5.8998
4.59 6.51717
4.68 7.34291
4.77 8.38107
4.86 9.63565
4.95 11.1107
5.04 12.81
5.13 14.7296
5.22 16.8568
5.31 19.1783
5.4 21.6809
5.49 24.3514
5.58 27.1764
5.67 30.1428
5.76 33.2372
5.85 36.4465
5.94 39.7574
6.03 43.1566
6.12 46.6286
6.21 50.1543
6.3 53.7143
6.39 57.2894
6.48 60.8601
6.57 64.4072
6.66 67.9113
6.75 71.3531
6.84 74.7131
6.93 77.9721
7.02 81.1108
7.11 84.1145
7.2 86.9785
7.29 89.6992
7.38 92.2732
7.47 94.6969
7.56 96.9668
7.65 99.0794
7.74 101.031
7.83 102.819
7.92 104.438
8.01 105.886
8.1 107.16
8.19 108.26
8.28 109.185
8.37 109.936
8.46 110.512
8.55 110.913
8.64 111.14
8.73 111.193
8.82 111.071
8.91 110.774
9 110.303
