  0 0.00000000 0.97000436 -0.24308753 -0.97000436 0.24308753 0.00000000 0.00000000
  1 0.03787709 0.98680782 -0.22651058 -0.95146144 0.25922680 -0.03534638 -0.03271622
  2 0.08090840 1.00389941 -0.20727521 -0.92817413 0.27687448 -0.07572527 -0.06959927
  3 0.12186051 1.01830227 -0.18867672 -0.90371302 0.29279984 -0.11458925 -0.10412312
  4 0.16110880 1.03049906 -0.17066153 -0.87808151 0.30705929 -0.15241755 -0.13639777
  5 0.20078039 1.04131741 -0.15232054 -0.84993656 0.32024237 -0.19138085 -0.16792183
  6 0.23864531 1.05030079 -0.13473201 -0.82094678 0.33143256 -0.22935401 -0.19670055
  7 0.27535921 1.05781962 -0.11762866 -0.79086001 0.34074517 -0.26695961 -0.22311652
  8 0.31107191 1.06405651 -0.10096347 -0.75976450 0.34812041 -0.30429201 -0.24715694
  9 0.34593308 1.06915945 -0.08468088 -0.72774385 0.35349949 -0.34141560 -0.26881861
 10 0.38003687 1.07324066 -0.06874554 -0.69493107 0.35682053 -0.37830959 -0.28807499
 11 0.41344127 1.07638887 -0.05313521 -0.66149874 0.35803562 -0.41489013 -0.30490041
 12 0.44617858 1.07867666 -0.03783713 -0.62765033 0.35712327 -0.45102632 -0.31928614
 13 0.47926263 1.08019989 -0.02237834 -0.59253716 0.35396818 -0.48766273 -0.33158984
 14 0.51271395 1.08094282 -0.00674911 -0.55631687 0.34841122 -0.52462595 -0.34166211
 15 0.54660235 1.08088254 0.00908392 -0.51911757 0.34031086 -0.56176497 -0.34939478
 16 0.58043966 1.08000563 0.02489364 -0.48170128 0.32974476 -0.59830436 -0.35463840
 17 0.61402271 1.07832313 0.04058583 -0.44451957 0.31686042 -0.63380355 -0.35744625
 18 0.64744818 1.07583508 0.05620568 -0.40766671 0.30175787 -0.66816838 -0.35796355
 19 0.68106236 1.07249975 0.07191393 -0.37093411 0.28440831 -0.70156564 -0.35632224
 20 0.71566412 1.06817279 0.08808107 -0.33361265 0.26445443 -0.73456014 -0.35253550
 21 0.75122142 1.06275376 0.10468635 -0.29589281 0.24194302 -0.76686095 -0.34662937
 22 0.78780069 1.05611341 0.12175054 -0.25783190 0.21690343 -0.79828151 -0.33865397
 23 0.82549266 1.04809344 0.13929896 -0.21942934 0.18937632 -0.82866410 -0.32867528
 24 0.86443922 1.03849137 0.15737055 -0.18059491 0.15938709 -0.85789646 -0.31675764
 25 0.90485017 1.02704055 0.17602011 -0.14113002 0.12692570 -0.88591054 -0.30294581
 26 0.94702573 1.01338027 0.19531942 -0.10070300 0.09192625 -0.91267727 -0.28724568
 27 0.99139531 0.99700701 0.21535894 -0.05880535 0.05424082 -0.93820166 -0.26959976
 28 1.03859748 0.97718500 0.23625384 -0.01466098 0.01359222 -0.96252403 -0.24984606
 29 1.08553484 0.95485243 0.25642531 0.02912240 -0.02697246 -0.98397483 -0.22945285
 30 1.12971602 0.93129267 0.27466177 0.07053218 -0.06490317 -1.00182485 -0.20975860
 31 1.17130643 0.90674447 0.29095639 0.10993559 -0.10005455 -1.01668006 -0.19090184
 32 1.21110730 0.88101003 0.30554452 0.14822067 -0.13289263 -1.02923070 -0.17265190
 33 1.25135601 0.85268949 0.31905812 0.18766974 -0.16500258 -1.04035923 -0.15405554
 34 1.28971856 0.82351327 0.33053289 0.22606718 -0.19429083 -1.04958045 -0.13624205
 35 1.32688827 0.79321403 0.34009609 0.26407421 -0.22116650 -1.05728824 -0.11892959
 36 1.36302434 0.76187960 0.34768763 0.30179562 -0.24561923 -1.06367522 -0.10206840
 37 1.39828533 0.72959245 0.35324755 0.33930443 -0.26764783 -1.06889688 -0.08559972
 38 1.43277119 0.69648648 0.35671147 0.37658412 -0.28722541 -1.07307060 -0.06948606
 39 1.46654353 0.66273716 0.35802858 0.41355156 -0.30432478 -1.07628872 -0.05370380
 40 1.49963644 0.62855297 0.35717498 0.45007350 -0.31893546 -1.07862647 -0.03823951
 41 1.53304540 0.59311250 0.35403771 0.48706898 -0.33140883 -1.08018147 -0.02262888
 42 1.56683460 0.55653334 0.34845129 0.52440743 -0.34160952 -1.08094077 -0.00684177
 43 1.60107087 0.51895268 0.34026960 0.56192779 -0.34942339 -1.08088047 0.00915379
 44 1.63525848 0.48114771 0.32957034 0.59883883 -0.35469752 -1.07998654 0.02512719
 45 1.66918898 0.44358274 0.31650521 0.63468740 -0.35748697 -1.07827013 0.04098176
 46 1.70296169 0.40635482 0.30117762 0.66937616 -0.35794153 -1.07573098 0.05676390
 47 1.73696644 0.36921260 0.28353928 0.70310892 -0.35619391 -1.07232152 0.07265463
 48 1.77197950 0.33147702 0.26324236 0.73641793 -0.35225604 -1.06789495 0.08901368
 49 1.80797341 0.29333733 0.24033404 0.76900875 -0.34615610 -1.06234608 0.10582206
 50 1.84501763 0.25484992 0.21484569 0.80068995 -0.33794694 -1.05553986 0.12310125
 51 1.88320875 0.21600852 0.18681882 0.83130153 -0.32769695 -1.04731004 0.14087813
 52 1.92269802 0.17671189 0.15627750 0.86073106 -0.31547151 -1.03744295 0.15919401
 53 1.96370922 0.13674381 0.12320714 0.88891190 -0.30131396 -1.02565571 0.17810683
 54 2.00656335 0.09574597 0.08753272 0.91581750 -0.28522504 -1.01156347 0.19769232
 55 2.05172237 0.05316844 0.04909007 0.94145649 -0.26713599 -0.99462493 0.21804592
 56 2.09978426 0.00825568 0.00765564 0.96582900 -0.24690346 -0.97408467 0.23924782
 57 2.14709077 -0.03588451 -0.03321229 0.98705025 -0.22625584 -0.95116574 0.25946813
 58 2.19114379 -0.07723184 -0.07095846 1.00449452 -0.20655451 -0.92726268 0.27751297
 59 2.23281537 -0.11680487 -0.10605318 1.01906503 -0.18761784 -0.90226016 0.29367102
 60 2.27274027 -0.15533045 -0.13881866 1.03136728 -0.16928160 -0.87603683 0.30810026
 61 2.31309933 -0.19503739 -0.17078016 1.04224712 -0.15061374 -0.84720973 0.32139390
 62 2.35161486 -0.23374985 -0.19989848 1.05124784 -0.13271626 -0.81749799 0.33261474
 63 2.38896043 -0.27210387 -0.22656081 1.05874894 -0.11531395 -0.78664507 0.34187476
 64 2.42528925 -0.31018969 -0.25074950 1.06493772 -0.09835829 -0.75474803 0.34910779
 65 2.46075277 -0.34806353 -0.27245681 1.06996526 -0.08179276 -0.72190173 0.35424958
 66 2.49544426 -0.38569140 -0.29165285 1.07394588 -0.06558219 -0.68825448 0.35723504
 67 2.52941946 -0.42297329 -0.30831168 1.07696996 -0.04970510 -0.65399666 0.35801677
 68 2.56287178 -0.45994263 -0.32249244 1.07912015 -0.03407318 -0.61917752 0.35656562
 69 2.59676401 -0.49747322 -0.33449301 1.08047455 -0.01823710 -0.58300133 0.35273011
 70 2.63105454 -0.53530104 -0.34413088 1.08100909 -0.00221599 -0.54570805 0.34634687
 71 2.66582714 -0.57326665 -0.35129993 1.08069607 0.01403022 -0.50742942 0.33726971
 72 2.70030163 -0.61026453 -0.35583859 1.07953374 0.03013802 -0.46926921 0.32570057
 73 2.73456723 -0.64616562 -0.35788503 1.07753058 0.04614964 -0.43136496 0.31173539
 74 2.76869150 -0.68083807 -0.35759411 1.07468322 0.06209632 -0.39384515 0.29549779
 75 2.80344464 -0.71484789 -0.35506256 1.07089092 0.07833625 -0.35604303 0.27672631
 76 2.83920971 -0.74830744 -0.35029555 1.06602271 0.09504435 -0.31771528 0.25525120
 77 2.87600464 -0.78096052 -0.34333250 1.05995856 0.11222107 -0.27899804 0.23111142
 78 2.91390797 -0.81261768 -0.33423568 1.05254817 0.12988933 -0.23993049 0.20434635
 79 2.95303875 -0.84313107 -0.32307682 1.04360279 0.14808203 -0.20047172 0.17499479
 80 2.99358012 -0.87240277 -0.30991702 1.03287622 0.16684826 -0.16047345 0.14306875
 81 3.03580016 -0.90038079 -0.29478620 1.02003794 0.18625509 -0.11965715 0.10853111
 82 3.08008384 -0.92705259 -0.27765959 1.00463103 0.20638864 -0.07757843 0.07127095
 83 3.12699495 -0.95244209 -0.25842312 0.98599864 0.22735751 -0.03355655 0.03106561
 84 3.17551211 -0.97576259 -0.23763583 0.96405504 0.24849127 0.01170754 -0.01085543
 85 3.22325577 -0.99597124 -0.21653373 0.93962953 0.26852528 0.05634170 -0.05199155
 86 3.26650377 -1.01207886 -0.19702331 0.91493549 0.28579659 0.09714338 -0.08877328
 87 3.30770936 -1.02560150 -0.17818785 0.88902799 0.30125020 0.13657352 -0.12306235
 88 3.34732364 -1.03702024 -0.15992188 0.86185682 0.31495399 0.17516342 -0.15503211
 89 3.38732118 -1.04706235 -0.14137310 0.83212502 0.32738764 0.21493733 -0.18601454
 90 3.42563908 -1.05535266 -0.12353850 0.80146723 0.33771572 0.25388543 -0.21417722
 91 3.46287405 -1.06221988 -0.10617095 0.76966708 0.34600894 0.29255280 -0.23983799
 92 3.49915682 -1.06783069 -0.08922792 0.73684410 0.35219089 0.33098659 -0.26296297
 93 3.53461418 -1.07231992 -0.07266133 0.70312297 0.35619269 0.36919695 -0.28353137
 94 3.56931944 -1.07579093 -0.05644324 0.66868264 0.35795449 0.40710829 -0.30151126
 95 3.60331368 -1.07832690 -0.04055759 0.63374058 0.35744328 0.44458633 -0.31688569
 96 3.63744707 -1.08002874 -0.02460826 0.59765110 0.35456545 0.48237764 -0.32995719
 97 3.67199797 -1.08090027 -0.00846516 0.56032236 0.34913940 0.52057792 -0.34067424
 98 3.70701269 -1.08091551 0.00789410 0.52192552 0.34100623 0.55898999 -0.34890033
 99 3.74206140 -1.08005578 0.02426976 0.48318014 0.33020816 0.59687564 -0.35447792
100 3.77683120 -1.07833239 0.04051645 0.44468384 0.31692254 0.63364854 -0.35743899
101 3.81143827 -1.07574514 0.05668848 0.40653212 0.30125620 0.66921302 -0.35794467
102 3.84627880 -1.07224515 0.07296976 0.36848057 0.28316821 0.70376459 -0.35613797
103 3.88218451 -1.06767472 0.08974569 0.32980218 0.26228651 0.73787254 -0.35203220
104 3.91912746 -1.06191949 0.10699644 0.29069819 0.23866133 0.77122130 -0.34565777
105 3.95718357 -1.05483211 0.12474530 0.25122634 0.21232679 0.80360577 -0.33707208
106 3.99646020 -1.04622984 0.14302194 0.21137336 0.18332677 0.83485649 -0.32634872
107 4.03712666 -1.03587576 0.16187222 0.17101918 0.15168405 0.86485658 -0.31355627
108 4.07943492 -1.02345310 0.18136046 0.12991394 0.11737632 0.89353916 -0.29873678
109 4.12374924 -1.00852582 0.20157062 0.08764512 0.08031125 0.92088070 -0.28188187
110 4.17060092 -0.99047142 0.22260875 0.04357539 0.04029162 0.94689603 -0.26290037
111 4.21982128 -0.96881386 0.24418705 -0.00237319 -0.00220094 0.97118705 -0.24198610
112 4.26822131 -0.94464435 0.26467197 -0.04757342 -0.04396317 0.99221776 -0.22070880
113 4.31246865 -0.91990180 0.28253658 -0.08922206 -0.08172092 1.00912386 -0.20081566
114 4.35454893 -0.89390709 0.29852864 -0.12936726 -0.11690756 1.02327435 -0.18162108
115 4.39493796 -0.86661393 0.31272464 -0.16857895 -0.14970265 1.03519287 -0.16302198
116 4.43574259 -0.83665492 0.32565362 -0.20901757 -0.18154036 1.04567249 -0.14411326
117 4.47476154 -0.80574900 0.33641578 -0.24855332 -0.21045583 1.05430232 -0.12595994
118 4.51264181 -0.77365828 0.34509615 -0.28778337 -0.23680094 1.06144165 -0.10829521
119 4.54952709 -0.74050120 0.35161642 -0.32676936 -0.26054390 1.06727056 -0.09107252
120 4.58555649 -0.70640072 0.35590441 -0.36553316 -0.28166515 1.07193387 -0.07423926
121 4.62081095 -0.67153772 0.35789519 -0.40400402 -0.30013056 1.07554174 -0.05776463
122 4.65533577 -0.63613538 0.35755057 -0.44204677 -0.31591960 1.07818215 -0.04163097
123 4.68991443 -0.59963111 0.35478421 -0.48032683 -0.32931073 1.07995794 -0.02547349
124 4.72493255 -0.56183052 0.34940633 -0.51905122 -0.34029429 1.08088174 -0.00911204
125 4.76042695 -0.52292274 0.34124994 -0.55800337 -0.34872127 1.08092611 0.00747133
126 4.79598917 -0.48361348 0.33034327 -0.59645676 -0.35443017 1.08007023 0.02408690
127 4.83126311 -0.44455906 0.31687538 -0.63376632 -0.35744453 1.07832538 0.04056915
128 4.86637291 -0.40585619 0.30095633 -0.66983497 -0.35793244 1.07569116 0.05697611
129 4.90174280 -0.36723807 0.28253639 -0.70487659 -0.35604113 1.07211466 0.07350474
130 4.93821211 -0.32797747 0.26123990 -0.73945492 -0.35178365 1.06743238 0.09054375
131 4.97575560 -0.28827929 0.23711843 -0.77324416 -0.34519253 1.06152345 0.10807410
132 5.01445374 -0.24820080 0.21020828 -0.80603116 -0.33632853 1.05423196 0.12612025
133 5.05442212 -0.20772178 0.18055441 -0.83764172 -0.32526846 1.04536350 0.14471405
134 5.09584351 -0.16670704 0.14817771 -0.86795745 -0.31208238 1.03466449 0.16390467
135 5.13899065 -0.12488110 0.11304915 -0.89691247 -0.29681016 1.02179357 0.18376101
136 5.18425970 -0.08179100 0.07506257 -0.92448615 -0.27943540 1.00627715 0.20437283
137 5.23223401 -0.03673370 0.03399496 -0.95069833 -0.25984863 0.98743202 0.22585367
138 5.28217024 0.00986096 -0.00914381 -0.97486707 -0.23849865 0.96500611 0.24764246
139 5.33125883 0.05574588 -0.05144711 -0.99571951 -0.21681781 0.93997363 0.26826491
140 5.37567948 0.09765388 -0.08922608 -1.01226652 -0.19677898 0.91461264 0.28600506
141 5.41797143 0.13814131 -0.12439414 -1.02609948 -0.17744175 0.88795817 0.30183588
142 5.45861213 0.17777258 -0.15712883 -1.03773101 -0.15869565 0.85995843 0.31582448
143 5.49965425 0.21865619 -0.18879975 -1.04791743 -0.13965568 0.82926124 0.32845543
144 5.53895563 0.25869944 -0.21749950 -1.05627879 -0.12135799 0.79757935 0.33885750
145 5.57714227 0.29846908 -0.24355441 -1.06315941 -0.10354287 0.76469033 0.34709728
146 5.61435010 0.33800509 -0.26692355 -1.06873370 -0.08616568 0.73072861 0.35308923
147 5.65070858 0.37730401 -0.28758046 -1.07314183 -0.06917710 0.69583782 0.35675755
148 5.68628977 0.41626940 -0.30549035 -1.07649093 -0.05254953 0.66022153 0.35803988
149 5.72113241 0.45474336 -0.32063932 -1.07886731 -0.03626772 0.62412395 0.35690704
150 5.75643776 0.49383988 -0.33343714 -1.08037938 -0.01977120 0.58653951 0.35320834
151 5.79218288 0.53329114 -0.34368119 -1.08100175 -0.00307042 0.54771062 0.34675161
152 5.82845932 0.57291449 -0.35124506 -1.08070301 0.01387840 0.50778852 0.33736666
153 5.86446641 0.61154595 -0.35595194 -1.07947760 0.03070230 0.46793164 0.32524965
154 5.90025248 0.64897990 -0.35794549 -1.07733445 0.04742449 0.42835455 0.31052100
155 5.93589929 0.68507186 -0.35740213 -1.07426817 0.06408272 0.38919630 0.29331941
156 5.97236030 0.72053485 -0.35441498 -1.07014865 0.08112033 0.34961381 0.27329465
157 6.00993425 0.75535389 -0.34899143 -1.06483303 0.09867173 0.30947914 0.25031970
158 6.04865953 0.78925449 -0.34118036 -1.05817696 0.11674471 0.26892247 0.22443565
159 6.08863349 0.82202772 -0.33105572 -1.04999909 0.13536692 0.22797136 0.19568880
160 6.13000924 0.85351807 -0.31869737 -1.04006696 0.15458008 0.18654889 0.16411729
161 6.17302331 0.88362895 -0.30416578 -1.02807104 0.17444597 0.14444208 0.12971980
162 6.21802472 0.91231618 -0.28747550 -1.01358605 0.19504809 0.10126986 0.09242741
163 6.26552464 0.93958032 -0.26856249 -0.99600720 0.21649314 0.05642687 0.05206936
164 6.31630180 0.96546681 -0.24722923 -0.97442994 0.23891772 0.00896313 0.00831151
165 6.36637256 0.98789191 -0.22536759 -0.95013226 0.26030779 -0.03775965 -0.03494020
166 6.41263889 1.00605314 -0.20464887 -0.92483898 0.27919293 -0.08121416 -0.07454406
167 6.45640354 1.02111549 -0.18472974 -0.89826404 0.29602666 -0.12285145 -0.11129692
168 6.49831898 1.03373045 -0.16545045 -0.87029860 0.31094973 -0.16343185 -0.14549927
169 6.54070115 1.04478964 -0.14582200 -0.83945557 0.32455348 -0.20533408 -0.17873148
170 6.58113469 1.05383735 -0.12701506 -0.80760312 0.33583882 -0.24623423 -0.20882376
171 6.62034640 1.06127995 -0.10873084 -0.77447339 0.34490527 -0.28680656 -0.23617443
172 6.65849881 1.06731836 -0.09091665 -0.74019303 0.35166588 -0.32712533 -0.26074922
173 6.69574721 1.07211246 -0.07351372 -0.70489531 0.35603944 -0.36721715 -0.28252572
174 6.73218046 1.07578256 -0.05648817 -0.66877986 0.35795273 -0.40700270 -0.30146456
175 6.76784676 1.07842402 -0.03982119 -0.63209489 0.35736350 -0.44632913 -0.31754231
176 6.80369632 1.08014858 -0.02307006 -0.59412517 0.35415864 -0.48602340 -0.33108857
177 6.84002622 1.08095654 -0.00609589 -0.55479068 0.34812635 -0.52616586 -0.34203047
178 6.87689437 1.08081515 0.01112933 -0.51428715 0.33908266 -0.56652800 -0.35021200
179 6.91365786 1.07970887 0.02830645 -0.47361119 0.32714317 -0.60609768 -0.35544962
180 6.95016532 1.07764856 0.04536552 -0.43321747 0.31247498 -0.64443109 -0.35784050
181 6.98652564 1.07462953 0.06235712 -0.39323458 0.29521374 -0.68139495 -0.35757086
182 7.02358497 1.07053754 0.07967457 -0.35295058 0.27508430 -0.71758696 -0.35475887
183 7.06181709 1.06521133 0.09753414 -0.31205884 0.25187624 -0.75315249 -0.34941038
184 7.10124653 1.05850087 0.11593697 -0.27071799 0.22563699 -0.78778288 -0.34157396
185 7.14197521 1.05021535 0.13491226 -0.22896148 0.19641358 -0.82125387 -0.33132584
186 7.18416250 1.04010984 0.15450332 -0.18671300 0.16424699 -0.85339684 -0.31875031
187 7.22805745 1.02785665 0.17477505 -0.14374954 0.12913654 -0.88410712 -0.30391160
188 7.27403084 1.01300287 0.19581579 -0.09966605 0.09100882 -0.91333683 -0.28682461
189 7.32263009 0.99489958 0.21773883 -0.05381311 0.04967989 -0.94108647 -0.26741872
190 7.37454524 0.97263659 0.24062342 -0.00530361 0.00491843 -0.96733297 -0.24554186
191 7.42558153 0.94759090 0.26234838 0.04233370 -0.03915011 -0.98992460 -0.22319827
192 7.47234236 0.92171085 0.28132352 0.08630371 -0.07911075 -1.00801456 -0.20221276
193 7.51670741 0.89442345 0.29823569 0.12859912 -0.11624834 -1.02302257 -0.18198735
194 7.55922670 0.86567433 0.31317048 0.16988484 -0.15076393 -1.03555917 -0.16240655
195 7.60221166 0.83396357 0.32669059 0.21254029 -0.18420882 -1.04650386 -0.14248177
196 7.64325133 0.80118903 0.33779869 0.25423079 -0.21441675 -1.05541982 -0.12338193
197 7.68307256 0.76708935 0.34657957 0.29562140 -0.24177265 -1.06271076 -0.10480691
198 7.72183549 0.73180802 0.35293633 0.33676933 -0.26623215 -1.06857735 -0.08670418
199 7.75969036 0.69550048 0.35678119 0.37767824 -0.28776472 -1.07317871 -0.06901647
200 7.79671945 0.65839313 0.35804063 0.41824165 -0.30632835 -1.07663477 -0.05171229
201 7.83298946 0.62073564 0.35667797 0.45830672 -0.32191440 -1.07904236 -0.03476357
202 7.86982049 0.58142467 0.35250987 0.49908980 -0.33495552 -1.08051448 -0.01755435
203 7.90715117 0.54077360 0.34531972 0.54024351 -0.34520684 -1.08101712 -0.00011287
204 7.94503945 0.49900746 0.33493207 0.58150502 -0.35252120 -1.08051248 0.01758913
205 7.98253202 0.45749193 0.32162477 0.62151107 -0.35673224 -1.07900301 0.03510747
206 8.01983433 0.41629506 0.30550133 0.66019778 -0.35803994 -1.07649284 0.05253861
207 8.05705968 0.37553977 0.28670876 0.69742698 -0.35664326 -1.07296675 0.06993450
208 8.09556567 0.33396772 0.26465523 0.73425099 -0.35258134 -1.06821871 0.08792611
209 8.13529002 0.29186593 0.23940286 0.77024306 -0.34587947 -1.06210899 0.10647661
210 8.17632789 0.24931055 0.21098696 0.80514254 -0.33660264 -1.05445309 0.12561568
211 8.21881283 0.20628686 0.17945984 0.83873250 -0.32483961 -1.04501936 0.14537977
212 8.26296289 0.16263473 0.14484542 0.87086656 -0.31067241 -1.03350129 0.16582698
213 8.30911220 0.11801328 0.10710395 0.90146523 -0.29414438 -1.01947851 0.18704043
214 8.35775811 0.07184796 0.06609460 0.93050599 -0.27522416 -1.00235394 0.20912956
215 8.40965541 0.02322244 0.02151855 0.95801742 -0.25375249 -0.98123985 0.23223394
216 8.46240331 -0.02598022 -0.02406882 0.98252428 -0.23093504 -0.95654406 0.25500386
217 8.51170382 -0.07218454 -0.06639919 1.00248890 -0.20896863 -0.93030437 0.27536782
218 8.55785907 -0.11597207 -0.10532826 1.01877911 -0.18801582 -0.90280704 0.29334407
219 8.60194552 -0.15853770 -0.14147275 1.03231191 -0.16776368 -0.87377420 0.30923644
220 8.64657206 -0.20256885 -0.17661042 1.04411772 -0.14710672 -0.84154887 0.32371714
221 8.68902802 -0.24547228 -0.20828574 1.05368352 -0.12736205 -0.80821124 0.33564779
222 8.73015490 -0.28803127 -0.23695968 1.06148260 -0.10818469 -0.77345133 0.34514437
223 8.77014124 -0.33033366 -0.26259035 1.06774488 -0.08951333 -0.73741122 0.35210368
224 8.80916365 -0.37240622 -0.28514749 1.07265062 -0.07128092 -0.70024440 0.35642841
225 8.84731967 -0.41414868 -0.30458194 1.07633360 -0.05345017 -0.66218492 0.35803211
226 8.88465915 -0.45537378 -0.32086650 1.07889886 -0.03600158 -0.62352508 0.35686808
227 8.92249200 -0.49726705 -0.33443373 1.08046941 -0.01832416 -0.58320236 0.35275789
228 8.96087525 -0.53959059 -0.34506714 1.08101691 -0.00039088 -0.54142632 0.34545802
229 8.99987702 -0.58206458 -0.35259979 1.08049850 0.01783136 -0.49843392 0.33476843
230 9.03847289 -0.62321827 -0.35684786 1.07891491 0.03586527 -0.45569664 0.32098259
231 9.07688362 -0.66297802 -0.35802690 1.07626917 0.05381446 -0.41329116 0.30421244
232 9.11533203 -0.70129013 -0.35634468 1.07253140 0.07178182 -0.37124127 0.28456286
233 9.15514915 -0.73914107 -0.35183337 1.06748072 0.09038529 -0.32833965 0.26144808
234 9.19628606 -0.77608244 -0.34452415 1.06095797 0.10959274 -0.28487553 0.23493141
235 9.23885202 -0.81183292 -0.33449077 1.05275308 0.12943752 -0.24092016 0.20505325
236 9.28300752 -0.84616561 -0.32182924 1.04259820 0.14996318 -0.19643259 0.17186606
237 9.32901523 -0.87893337 -0.30662163 1.03013325 0.17123876 -0.15119988 0.13538287
238 9.37727932 -0.91006248 -0.28889819 1.01485561 0.19336200 -0.10479313 0.09553620
239 9.42840920 -0.93954093 -0.26859232 0.99603601 0.21646065 -0.05649508 0.05213166
240 9.48335693 -0.96741507 -0.24546714 0.97255691 0.24069871 -0.00514184 0.00476843
241 9.53735726 -0.99121451 -0.22180356 0.94594414 0.26365252 0.04527037 -0.04184896
242 9.58648469 -1.00998771 -0.19971785 0.91847262 0.28348521 0.09151509 -0.08376736
243 9.63309499 -1.02543885 -0.17843078 0.88937557 0.30105913 0.13606329 -0.12262835
244 9.67777810 -1.03823382 -0.15782104 0.85859875 0.31644128 0.17963507 -0.15862024
245 9.72295373 -1.04928556 -0.13685480 0.82455057 0.33016444 0.22473499 -0.19330964
246 9.76610601 -1.05817324 -0.11675410 0.78927155 0.34117581 0.26890169 -0.22442171
247 9.80800871 -1.06532245 -0.09719734 0.75249936 0.34953266 0.31282309 -0.25233532
248 9.84882674 -1.07094508 -0.07812932 0.71442345 0.35510832 0.35652162 -0.27697900
249 9.88870692 -1.07520681 -0.05949342 0.67526053 0.35779451 0.39994628 -0.29830110
250 9.92772025 -1.07823236 -0.04126223 0.63531322 0.35751493 0.44291914 -0.31625270
251 9.96678716 -1.08015332 -0.02300768 0.59398200 0.35414168 0.48617132 -0.33113400
252 10.00649945 -1.08098484 -0.00445322 0.55094879 0.34739125 0.53003605 -0.34293804
253 10.04691217 -1.08067767 0.01442812 0.50648836 0.33701458 0.57418930 -0.35144270
254 10.08712029 -1.07921477 0.03321506 0.46197612 0.32320464 0.61723866 -0.35641971
255 10.12711287 -1.07660221 0.05190323 0.41779180 0.30613779 0.65881041 -0.35804101
256 10.16700822 -1.07282378 0.07054681 0.37411432 0.28600058 0.69870946 -0.35654739
257 10.20841151 -1.06763061 0.08989167 0.32946828 0.26209542 0.73816233 -0.35198708
258 10.25127360 -1.06084075 0.10990467 0.28417714 0.23448037 0.77666361 -0.34438504
259 10.29571982 -1.05221329 0.13062428 0.23832190 0.20319422 0.81389139 -0.33381850
260 10.34193724 -1.04143762 0.15210133 0.19185020 0.16828972 0.84958741 -0.32039105
261 10.39023664 -1.02808995 0.17441702 0.14450313 0.12977118 0.88358682 -0.30418820
262 10.44110373 -1.01156781 0.19768682 0.09575750 0.08754294 0.91581031 -0.28522976
263 10.49528568 -0.99097651 0.22206199 0.04472646 0.04134934 0.94625005 -0.26341133
264 10.55272310 -0.96550499 0.24719501 -0.00888870 -0.00824253 0.97439370 -0.23895248
265 10.60913928 -0.93654502 0.27083413 -0.06164624 -0.05683073 0.99819126 -0.21400340
266 10.65951594 -0.90715384 0.29070482 -0.10930403 -0.09950089 1.01645787 -0.19120393
267 10.70743833 -0.87593718 0.30815070 -0.15547216 -0.13893621 1.03140934 -0.16921449
268 10.75351904 -0.84282276 0.32320220 -0.20088091 -0.17531052 1.04370367 -0.14789168
269 10.80006188 -0.80625252 0.33625995 -0.24792419 -0.21001390 1.05417672 -0.12624606
270 10.84468712 -0.76827530 0.34631891 -0.29421081 -0.24088521 1.06248611 -0.10543370
271 10.88812731 -0.72868101 0.35337269 -0.34034588 -0.26822633 1.06902689 -0.08514636
272 10.93052532 -0.68773112 0.35726389 -0.38626844 -0.29192871 1.07399956 -0.06533519
273 10.97199766 -0.64573458 0.35787453 -0.43182560 -0.31191987 1.07756018 -0.04595466
274 11.01311516 -0.60252875 0.35509165 -0.47732101 -0.32835017 1.07984977 -0.02674148
275 11.05504014 -0.55726013 0.34858526 -0.52367363 -0.34143230 1.08093375 -0.00715296
276 11.09778749 -0.51029347 0.33803677 -0.57045572 -0.35085589 1.08074919 0.01281911
277 11.14053204 -0.46298095 0.32355396 -0.61627965 -0.35634504 1.07926060 0.03279108
278 11.18307602 -0.41598214 0.30536778 -0.66048769 -0.35803928 1.07646983 0.05267151
279 11.22563768 -0.36943021 0.28364941 -0.70291404 -0.35621042 1.07234424 0.07256101
280 11.26999522 -0.32172149 0.25760974 -0.74486110 -0.35089470 1.06658259 0.09328496
281 11.31611154 -0.27322070 0.22730311 -0.78572703 -0.34211532 1.05894773 0.11481221
282 11.36416351 -0.22399094 0.19276050 -0.82512913 -0.32995772 1.04912007 0.13719722
283 11.41442678 -0.17390095 0.15401447 -0.86277272 -0.31453022 1.03667368 0.16051575
284 11.46736325 -0.12252253 0.11101257 -0.89848263 -0.29589941 1.02100516 0.18488684
285 11.52370900 -0.06902941 0.06354115 -0.93218846 -0.27401812 1.00121787 0.21047696
286 11.58464958 -0.01199200 0.01111908 -0.96390817 -0.24862198 0.97590017 0.23750290
287 11.64586231 0.04514566 -0.04173441 -0.99115998 -0.22186285 0.94601432 0.26359727
288 11.70125060 0.09732775 -0.08893683 -1.01214673 -0.19693513 0.91481898 0.28587196
289 11.75386105 0.14779673 -0.13253742 -1.02910150 -0.17285316 0.88130478 0.30539058
290 11.80443752 0.19749168 -0.17268857 -1.04286329 -0.14946966 0.84537162 0.32215823
291 11.85556057 0.24913271 -0.21086228 -1.05441777 -0.12569656 0.80528505 0.33655884
292 11.90460280 0.30009677 -0.24456696 -1.06341298 -0.10282116 0.76331621 0.34738812
293 11.95247145 0.35113144 -0.27411092 -1.07032656 -0.08046258 0.71919512 0.35457350
294 11.99935301 0.40214807 -0.29929724 -1.07538989 -0.05855517 0.67324182 0.35785241
295 12.04538934 0.45290873 -0.31997438 -1.07877432 -0.03704232 0.62586558 0.35701670
296 12.09211452 0.50463855 -0.33650861 -1.08063988 -0.01521006 0.57600133 0.35171867
297 12.14020921 0.55751106 -0.34863126 -1.08093124 0.00726041 0.52342019 0.34137086
298 12.18921406 0.61030777 -0.35584248 -1.07953196 0.03015702 0.46922419 0.32568546
299 12.23832268 0.66143281 -0.35803592 -1.07639428 0.05310490 0.41496147 0.30493103
300 12.28801951 0.71071992 -0.35549181 -1.07140944 0.07632849 0.36068952 0.27916332
301 12.34082983 0.75982991 -0.34810720 -1.06404493 0.10099752 0.30421502 0.24710968
302 12.39702367 0.80794243 -0.33573235 -1.05375167 0.12720857 0.24580924 0.20852378
303 12.45738327 0.85458349 -0.31823060 -1.03968848 0.15525619 0.18510499 0.16297441
304 12.52334653 0.89954085 -0.29528045 -1.02046794 0.18564859 0.12092709 0.10963186
305 12.56637061 0.92556917 -0.27868957 -1.00558734 0.20522125 0.08001817 0.07346831
