0.00000000	1.00000000
0.07653464	0.96179859
0.15100489	0.92489249
0.22479748	0.88877920
0.29851985	0.85334773
0.37249938	0.81863363
0.44696609	0.78473045
0.52212331	0.75175800
0.59817798	0.71985192
0.67535706	0.68916155
0.75392075	0.65985155
0.83417729	0.63210584
0.91650338	0.60613382
0.99897386	0.58281639
1.08013494	0.56265970
1.15968554	0.54571660
1.23773760	0.53190309
1.31452240	0.52111154
1.39028639	0.51324501
1.46526003	0.50822450
1.53965236	0.50598818
1.61365389	0.50648888
1.68744150	0.50969178
1.76118346	0.51557268
1.83504411	0.52411694
1.90918824	0.53531889
1.98378556	0.54918186
2.05901542	0.56571863
2.13507226	0.58495252
2.21217235	0.60691921
2.29056242	0.63166948
2.37053152	0.65927346
2.45242786	0.68982710
2.53578875	0.72309380
2.61822915	0.75792101
2.69908786	0.79371662
2.77836136	0.83016042
2.85625661	0.86705308
2.93302527	0.90424659
3.00890987	0.94161419
3.08413098	0.97903762
3.15888806	1.01640170
3.23366766	1.05374300
3.30912923	1.09118254
3.38561258	1.12866756
3.46334618	1.16606952
3.54252751	1.20321982
3.62335691	1.23992171
3.70605537	1.27595280
3.79087795	1.31106324
3.87812853	1.34497141
3.96817938	1.37735704
4.05727984	1.40654311
4.14405545	1.43201989
4.22839579	1.45381551
4.31059354	1.47209874
4.39102052	1.48704475
4.47002516	1.49880033
4.54791018	1.50748077
4.62493553	1.51317490
4.70132745	1.51595065
4.77728751	1.51585957
4.85300038	1.51294007
4.92864022	1.50721957
5.00437606	1.49871581
5.08037673	1.48743757
5.15681559	1.47338476
5.23387557	1.45654793
5.31175487	1.43690729
5.39067402	1.41443079
5.47088489	1.38907134
5.55268312	1.36076235
5.63642581	1.32941113
5.72255804	1.29488832
5.81165481	1.25701078
5.90076702	1.21721285
5.98798102	1.17670549
6.07282500	1.13610849
6.15535628	1.09576531
6.23579354	1.05589503
6.31438375	1.01665908
6.39136042	0.97818939
6.46735243	0.94039329
6.54301805	0.90315188
6.61870909	0.86649930
6.69466600	0.83053006
6.77109334	0.79536512
6.84819141	0.76114019
6.92617237	0.72800282
7.00527163	0.69611313
7.08575945	0.66564669
7.16795565	0.63679901
7.25225041	0.60979224
7.33726864	0.58538789
7.42108169	0.56428476
7.50322460	0.54659117
7.58377201	0.53222934
7.66296197	0.52108402
7.74106020	0.51304874
7.81831798	0.50803643
7.89496371	0.50597920
7.97120546	0.50682557
8.04723634	0.51053796
8.12324015	0.51709064
8.19939677	0.52646858
8.27588723	0.53866687
8.35289893	0.55369071
8.43063123	0.57155616
8.50930211	0.59229145
8.58915635	0.61593936
8.67047651	0.64256075
8.75359807	0.67224013
8.83893177	0.70509423
8.92453607	0.74024488
9.00878944	0.77673877
9.09135357	0.81408067
9.17234982	0.85198958
9.25203132	0.89027776
9.33066720	0.92879638
9.40850833	0.96741231
9.48578178	1.00599835
9.56280947	1.04448630
9.64043671	1.08307169
9.71907952	1.12172261
9.79900249	1.16031008
9.88042471	1.19865568
9.96356370	1.23654791
10.04865740	1.27374605
10.13598002	1.30997858
10.22585866	1.34493849
10.31869547	1.37827546
10.41062858	1.40823930
10.50013838	1.43426324
10.58709406	1.45637431
10.67180833	1.47475427
10.75468090	1.48959149
10.83608622	1.50104292
10.91634922	1.50923099
10.99574889	1.51424930
11.07452833	1.51616878
11.15290482	1.51504263
11.23107838	1.51090976
11.30923894	1.50379709
11.38757247	1.49372084
11.46626662	1.48068715
11.54551645	1.46469192
11.62553057	1.44572008
11.70653855	1.42374393
11.78880016	1.39872049
11.87261782	1.37058737
11.95835430	1.33925627
12.04645886	1.30460292
12.13750838	1.26645055
12.22978640	1.22566839
12.32044840	1.18385306
12.40867446	1.14181922
12.49442130	1.10000393
12.57789774	1.05867294
12.65936934	1.01801384
12.73909433	0.97817558
12.81774026	0.93907098
12.89602924	0.90057189
12.97434827	0.86271736
13.05296281	0.82561272
13.13209965	0.78939269
13.21198206	0.75420878
13.29284800	0.72022636
13.37496365	0.68762588
13.45863759	0.65660651
13.54423937	0.62739198
13.63222648	0.60023934
13.71996389	0.57627120
13.80612285	0.55593052
13.89049752	0.53922530
13.97326956	0.52604245
14.05472270	0.51625598
14.13514507	0.50975757
14.21480238	0.50646146
14.29393556	0.50630230
14.37276577	0.50923197
14.45150094	0.51521684
14.53034224	0.52423605
14.60949027	0.53628049
14.68915116	0.55135266
14.76954310	0.56946719
14.85090390	0.59065227
14.93350036	0.61495213
15.01764070	0.64243098
15.10369187	0.67317924
15.19210516	0.70732321
15.28079562	0.74391017
15.36804898	0.78191255
15.45351945	0.82079405
15.53734880	0.86024930
15.61981624	0.90007331
15.70121576	0.94010270
15.78182059	0.98019054
15.86187817	1.02019576
15.94201421	1.06017719
16.02296442	1.10024495
16.10511923	1.14031732
16.18875102	1.18022624
16.27410294	1.21975538
16.36142783	1.25865214
16.45101057	1.29662908
16.54318721	1.33336005
16.63836811	1.36847268
16.73419611	1.40062459
16.82789643	1.42868380
16.91890360	1.45250943
17.00743252	1.47226155
17.09389840	1.48814757
17.17871972	1.50034884
17.26226650	1.50900826
17.34485696	1.51423468
17.42676721	1.51610994
17.50824287	1.51469479
17.58950920	1.51003319
17.67077975	1.50215505
17.75226376	1.49107785
17.83417308	1.47680732
17.91672912	1.45933722
18.00017058	1.43864826
18.08476272	1.41470600
18.17080948	1.38745723
18.25867001	1.35682434
18.34878285	1.32269646
18.44170306	1.28491492
18.53816281	1.24324900
18.63364315	1.19991941
18.72663901	1.15608968
18.81689706	1.11236754
18.90459562	1.06910257
18.99002705	1.02652731
19.07348917	0.98481878
19.15556836	0.94396891
19.23716309	0.90379321
19.31874091	0.86432027
19.40061255	0.82566293
19.48303762	0.78797094
19.56626919	0.75141481
19.65057662	0.71618185
19.73626231	0.68247759
19.82367930	0.65053030
19.91325463	0.62059845
20.00534504	0.59303232
20.09656332	0.56915623
20.18592880	0.54926422
20.27339989	0.53330004
20.35923825	0.52112366
20.44377146	0.51259794
20.52731647	0.50761022
20.61016198	0.50607374
20.69257025	0.50792411
20.77478425	0.51311566
20.85703563	0.52161867
20.93955252	0.53341778
21.02256696	0.54851133
21.10632291	0.56691172
21.19108509	0.58864680
21.27714999	0.61376258
21.36486043	0.64232760
21.45462587	0.67444005
21.54695276	0.71023911
21.63955924	0.74866874
21.73061700	0.78860429
21.81977439	0.82945550
21.90720201	0.87088468
21.99321435	0.91266370
22.07813874	0.95460933
22.16227848	0.99655558
22.24590865	1.03834202
22.33006987	1.08019856
22.41534805	1.12211432
22.50210005	1.16393581
22.59061214	1.20543774
22.68116541	1.24634728
22.77406868	1.28634974
22.86968257	1.32508590
22.96844572	1.36214415
23.06910821	1.39646657
23.16780403	1.42641469
23.26360527	1.45170664
23.35666773	1.47249571
23.44744438	1.48901630
23.53641141	1.50147800
23.62399315	1.51004567
23.71055415	1.51484357
23.79641002	1.51596386
23.88184118	1.51347378
23.96710529	1.50742075
24.05244780	1.49783568
24.13811119	1.48473468
24.22434376	1.46811972
24.31140873	1.44797798
24.39959478	1.42428001
24.48922930	1.39697640
24.58069622	1.36599209
24.67446182	1.33121729
24.77111420	1.29249261
24.87142762	1.24958375
24.97182233	1.20428529
25.06987937	1.15819355
25.16503207	1.11213341
25.25738735	1.06656067
25.34724984	1.02176349
25.43495294	0.97795217
25.52128842	0.93505994
25.60717907	0.89293303
25.69312421	0.85162864
25.77947068	0.81128893
25.86651911	0.77209524
25.95457044	0.73425304
26.04395205	0.69798945
26.13503945	0.66355651
26.22828160	0.63123859
26.32423695	0.60136430
26.42065677	0.57507387
26.51546104	0.55310162
26.60823945	0.53551033
26.69917565	0.52216871
26.78861807	0.51291971
26.87693118	0.50762853
26.96445401	0.50619074
27.05149575	0.50852951
27.13834276	0.51459129
27.22526810	0.52434231
27.31254138	0.53776652
27.40043862	0.55486491
27.48925273	0.57565608
27.57930585	0.60017841
27.67096490	0.62849406
27.76466290	0.66069568
27.86093025	0.69691754
27.95922070	0.73684007
28.05631226	0.77882249
28.15136419	0.82199894
28.24443590	0.86589453
28.33586166	0.91020920
28.42602410	0.95471528
28.51528555	0.99921292
28.60397551	1.04351115
28.69334249	1.08788707
28.78402136	1.13229208
28.87641624	1.17652513
28.97086510	1.22030402
29.06771015	1.26328869
29.16733638	1.30508493
29.27020358	1.34523841
29.37688511	1.38322173
29.48291607	1.41687179
29.58602256	1.44532225
29.68598411	1.46860329
29.78323414	1.48697112
29.87833001	1.50068485
29.97179039	1.50995308
30.06406377	1.51493226
30.15553651	1.51573657
30.24654966	1.51244754
30.33741525	1.50512107
30.42843054	1.49379190
30.51989058	1.47847594
30.61210033	1.45917084
30.70538766	1.43585488
30.80011881	1.40848396
30.89671870	1.37698601
30.99569967	1.34125159
31.09770529	1.30111817
31.20358174	1.25634295
31.31091851	1.20820282
31.41607792	1.15887501
31.51807591	1.10949027
31.61693361	1.06065746
31.71298317	1.01274582
31.80661547	0.96601472
31.89899761	0.92027805
31.99105176	0.87545175
32.08331443	0.83164787
32.17618763	0.78906097
32.27004085	0.74792779
32.36525980	0.70851581
32.46227901	0.67112418
32.56161462	0.63609165
32.66390870	0.60381103
32.76756747	0.57536585
32.86966450	0.55183907
32.96954070	0.53336972
33.06736531	0.51981492
33.16354555	0.51098911
33.25851979	0.50673300
33.35269908	0.50692569
33.44646046	0.51148138
33.54015609	0.52034386
33.63412634	0.53348235
33.72871371	0.55088931
33.82427749	0.57258033
33.92121048	0.59859622
34.01996009	0.62900774
34.12105712	0.66392413
34.22515880	0.70350777
34.33132825	0.74723608
34.43608087	0.79323402
34.53856870	0.84050122
34.63892488	0.88848214
34.73757066	0.93681873
34.83497001	0.98523262
34.93155919	1.03347384
35.02853244	1.08169224
35.12688089	1.12992025
35.22718570	1.17793794
35.32990215	1.22539663
35.43547810	1.27186025
35.54441662	1.31681298
35.65732665	1.35965043
35.77418597	1.39940387
35.88895224	1.43340490
36.00010392	1.46116055
36.10782834	1.48288328
36.21277659	1.49890914
36.31563347	1.50952920
36.41700550	1.51496203
36.51741368	1.51536324
36.61731371	1.51083973
36.71712004	1.50146086
36.81722766	1.48726544
36.91803200	1.46826526
37.01994858	1.44444552
37.12343501	1.41576231
37.22901885	1.38213638
37.33733672	1.34344167
37.44919440	1.29948499
37.56566707	1.24996950
37.68393476	1.19644583
37.79966361	1.14160359
37.91172240	1.08685487
38.02018526	1.03296030
38.12548864	0.98037986
38.22864017	0.92918466
38.33113666	0.87915055
38.43379951	0.83038890
38.53721184	0.78315212
38.64189437	0.73776421
38.74838921	0.69460112
38.85731624	0.65409278
38.96943242	0.61673863
39.08571670	0.58313690
39.20116557	0.55539158
39.31413213	0.53401056
39.42460231	0.51888075
39.53307286	0.50976323
39.64014021	0.50644453
39.74637819	0.50876756
39.85231857	0.51662907
39.95846419	0.52997149
40.06531109	0.54877687
40.17337388	0.57306473
40.28321502	0.60289400
40.39548179	0.63837014
40.51095860	0.67965948
40.63064857	0.72701578
40.75125790	0.77876104
40.86977724	0.83283033
40.98574549	0.88810484
41.09957632	0.94392920
41.21190199	0.99984232
41.32336193	1.05545214
41.43606674	1.11112067
41.55112154	1.16665149
41.66929676	1.22157418
41.79130211	1.27524345
41.91792300	1.32686043
42.05012525	1.37545537
42.18605523	1.41892348
42.31909466	1.45434674
42.44790282	1.48135320
42.57301223	1.50029979
42.69539537	1.51160813
42.81600947	1.51559954
42.93570236	1.51248399
43.05522874	1.50238116
43.17529264	1.48534013
43.29659354	1.46135077
43.41987466	1.43034674
43.54597931	1.39219978
43.67592754	1.34670307
43.81103522	1.29353693
43.95312336	1.23220061
44.09794871	1.16519162
44.23961406	1.09656581
44.37675964	1.02850421
44.50969298	0.96220140
44.64044715	0.89779118
44.77128519	0.83522591
44.90364519	0.77492600
45.03874150	0.71755710
45.17785279	0.66397223
45.32253192	0.61523615
45.47486555	0.57271648
45.62900165	0.53984942
45.78152388	0.51813393
45.93251478	0.50771787
46.08323488	0.50855145
46.23530888	0.52074543
46.39056785	0.54466859
46.55117077	0.58100737
46.71992627	0.63088304
46.90095729	0.69612761
47.10131754	0.78000354
47.12388980	0.79008235
