0.000100000000000 	 0.000099990000000
0.020100000000000 	 0.019699997394163
0.040100000000000 	 0.038523820084735
0.060100000000000 	 0.056594381468274
0.080100000000000 	 0.073934322565455
0.100100000000000 	 0.090565275683157
0.120100000000000 	 0.106508473168085
0.140100000000000 	 0.121785047613521
0.160100000000000 	 0.136414909995328
0.180100000000000 	 0.150417147353434
0.200100000000000 	 0.163810831293876
0.220100000000000 	 0.176615033422690
0.240100000000000 	 0.188848825345912
0.260100000000000 	 0.200531267066577
0.280100000000000 	 0.211680014624611
0.300100000000000 	 0.222309997354728
0.320100000000000 	 0.232435831310618
0.340100000000000 	 0.242072132545971
0.360100000000000 	 0.251233517114477
0.380100000000000 	 0.259934601069824
0.400100000000000 	 0.268190000465704
0.420100000000000 	 0.276014331355805
0.440100000000000 	 0.283422209793817
0.460100000000000 	 0.290428251833430
0.480100000000000 	 0.297047073528334
0.500100000000000 	 0.303293290932218
0.520100000000000 	 0.309181438772549
0.540100000000000 	 0.314723656278864
0.560100000000000 	 0.319929353176308
0.580100000000000 	 0.324807790705520
0.600100000000000 	 0.329368230107142
0.620100000000000 	 0.333619932621813
0.640100000000000 	 0.337572159490174
0.660100000000000 	 0.341234171952867
0.680100000000000 	 0.344615231250530
0.700100000000000 	 0.347724598623806
0.720100000000000 	 0.350571535313333
0.740100000000000 	 0.353165302559754
0.760100000000000 	 0.355515161603708
0.780100000000000 	 0.357630373685836
0.800100000000000 	 0.359520200046778
0.820100000000000 	 0.361193901927175
0.840100000000000 	 0.362660740567667
0.860100000000000 	 0.363929977208896
0.880100000000000 	 0.365010873091501
0.900100000000000 	 0.365912689456123
0.920100000000000 	 0.366644314811625
0.940100000000000 	 0.367211673110688
0.960100000000001 	 0.367619272788821
0.980100000000001 	 0.367871613518615
1.000100000000000 	 0.367973194972662
1.020100000000000 	 0.367928516823551
1.040100000000000 	 0.367742078743873
1.060100000000000 	 0.367418380406219
1.080100000000000 	 0.366961921483180
1.100100000000000 	 0.366377201647345
1.120100000000000 	 0.365668720571307
1.140100000000000 	 0.364840977927654
1.160100000000000 	 0.363898473388979
1.180100000000000 	 0.362845706627871
1.200100000000000 	 0.361687177316922
1.220100000000000 	 0.360427385128721
1.240100000000000 	 0.359070829735860
1.260100000000000 	 0.357622010810929
1.280100000000000 	 0.356085428026519
1.300100000000000 	 0.354465581055220
1.320100000000000 	 0.352766969569623
1.340100000000000 	 0.350994093242319
1.360100000000000 	 0.349151451745898
1.380100000000000 	 0.347243544752951
1.400100000000000 	 0.345274871936068
1.420100000000000 	 0.343249932967841
1.440100000000000 	 0.341173227520859
1.460100000000000 	 0.339049255267714
1.480100000000000 	 0.336882515880996
1.500100000000000 	 0.334677466504002
1.520100000000000 	 0.332437148819128
1.540100000000000 	 0.330162892643534
1.560100000000000 	 0.327855925311652
1.580100000000000 	 0.325517474157912
1.600100000000000 	 0.323148766516746
1.620100000000000 	 0.320751029722585
1.640100000000000 	 0.318325491109860
1.660100000000000 	 0.315873378013002
1.680100000000000 	 0.313395917766441
1.700100000000000 	 0.310894337704609
1.720100000000000 	 0.308369865161937
1.740100000000000 	 0.305823727472857
1.760100000000000 	 0.303257151971798
1.780100000000000 	 0.300671365993192
1.800100000000000 	 0.298067596871471
1.820100000000000 	 0.295447071941065
1.840100000000000 	 0.292811018536405
1.860100000000000 	 0.290160663991922
1.880100000000000 	 0.287497235642047
1.900100000000000 	 0.284821960821212
1.920100000000000 	 0.282136066863847
1.940100000000000 	 0.279440781104384
1.960100000000000 	 0.276737330877253
1.980100000000000 	 0.274026943516886
2.000100000000000 	 0.271310846357713
2.020100000000000 	 0.268590266734166
2.040100000000000 	 0.265866431980676
2.060100000000000 	 0.263140569431673
2.080100000000000 	 0.260413906421589
2.100100000000000 	 0.257687670284855
2.120100000000000 	 0.254963088355902
2.140100000000000 	 0.252241387969160
2.160100000000000 	 0.249523796459062
2.180100000000000 	 0.246811541160037
2.200100000000000 	 0.244105849406518
2.220100000000000 	 0.241407948532934
2.240100000000000 	 0.238719065873718
2.260100000000000 	 0.236040428763300
2.280100000000000 	 0.233373264536111
2.300100000000000 	 0.230718800526582
2.320100000000000 	 0.228078264069145
2.340100000000000 	 0.225452882498229
2.360100000000000 	 0.222843883148268
2.380100000000000 	 0.220252493353690
2.400100000000000 	 0.217679940448928
2.420100000000000 	 0.215127292043773
2.440100000000000 	 0.212594773979592
2.460100000000000 	 0.210082335793425
2.480100000000000 	 0.207589926859262
2.500100000000000 	 0.205117496551092
2.520100000000000 	 0.202664994242906
2.540100000000000 	 0.200232369308692
2.560100000000000 	 0.197819571122441
2.580100000000000 	 0.195426549058142
2.600100000000000 	 0.193053252489785
2.620100000000000 	 0.190699630791360
2.640100000000000 	 0.188365633336855
2.660100000000000 	 0.186051209500262
2.680100000000000 	 0.183756308655568
2.700100000000000 	 0.181480880176765
2.720100000000000 	 0.179224873437842
2.740100000000000 	 0.176988237812788
2.760100000000000 	 0.174770922675593
2.780100000000000 	 0.172572877400247
2.800100000000000 	 0.170394051360739
2.820100000000000 	 0.168234393931060
2.840100000000000 	 0.166093854485198
2.860100000000000 	 0.163972382397143
2.880100000000000 	 0.161869927040885
2.900100000000000 	 0.159786437790414
2.920100000000000 	 0.157721864019720
2.940100000000000 	 0.155676155102791
2.960100000000000 	 0.153649260413618
2.980100000000000 	 0.151641129326190
3.000100000000000 	 0.149651711214497
3.020100000000000 	 0.147680955452529
3.040100000000000 	 0.145728811414275
3.060100000000000 	 0.143795228473725
3.080100000000000 	 0.141880156004868
3.100100000000000 	 0.139983543381695
3.120100000000000 	 0.138105339978194
3.140100000000000 	 0.136245495168356
3.160100000000000 	 0.134403958326170
3.180100000000000 	 0.132580678825626
3.200100000000000 	 0.130775606040714
3.220100000000000 	 0.128988689345422
3.240100000000000 	 0.127219878113742
3.260100000000000 	 0.125469121719662
3.280100000000000 	 0.123736369537172
3.300100000000000 	 0.122021570940262
3.320100000000000 	 0.120324675302921
3.340100000000000 	 0.118645631999139
3.360100000000000 	 0.116984390402906
3.380100000000000 	 0.115340899888212
3.400100000000000 	 0.113715109829045
3.420100000000000 	 0.112106969599396
3.440100000000000 	 0.110516428573255
3.460100000000000 	 0.108943436124610
3.480100000000000 	 0.107387941627452
3.500100000000000 	 0.105849894455771
3.520100000000000 	 0.104329243983556
3.540100000000000 	 0.102825939584796
3.560100000000000 	 0.101339930633481
3.580100000000000 	 0.099871166503601
3.600100000000000 	 0.098419596569146
3.620100000000000 	 0.096985170204106
3.640100000000000 	 0.095567836782469
3.660100000000000 	 0.094167545678225
3.680100000000000 	 0.092784246265365
3.700100000000000 	 0.091417887917878
3.720100000000000 	 0.090068420009753
3.740100000000000 	 0.088735791914981
3.760100000000000 	 0.087419953007550
3.780100000000000 	 0.086120848273171
3.800100000000000 	 0.084838373575965
3.820100000000000 	 0.083572393964649
3.840100000000000 	 0.082322774012307
3.860100000000000 	 0.081089378292024
3.880100000000000 	 0.079872071376883
3.900100000000000 	 0.078670717839968
3.920100000000000 	 0.077485182254363
3.940100000000000 	 0.076315329193152
3.960100000000000 	 0.075161023229420
3.980100000000000 	 0.074022128936249
4.000100000000000 	 0.072898510886724
4.020100000000000 	 0.071790033653929
4.040100000000000 	 0.070696561810949
4.060100000000000 	 0.069617959930866
4.080100000000000 	 0.068554092586764
4.100100000000000 	 0.067504824351729
4.120100000000000 	 0.066470019798844
4.140100000000000 	 0.065449543501192
4.160100000000000 	 0.064443260031858
4.180100000000000 	 0.063451033963925
4.200100000000000 	 0.062472729870478
4.220100000000000 	 0.061508212324601
4.240100000000000 	 0.060557345899378
4.260100000000000 	 0.059619995167892
4.280100000000000 	 0.058696024703227
4.300100000000000 	 0.057785299078468
4.320100000000000 	 0.056887682866699
4.340100000000000 	 0.056003040641003
4.360099999999990 	 0.055131236974464
4.380099999999990 	 0.054272136440166
4.400099999999990 	 0.053425603611194
4.420099999999990 	 0.052591503060632
4.440099999999990 	 0.051769699361562
4.460099999999990 	 0.050960057087070
4.480099999999990 	 0.050162440810239
4.500099999999990 	 0.049376715104153
4.520099999999990 	 0.048602744541896
4.540099999999990 	 0.047840393696552
4.560099999999990 	 0.047089527141206
4.580099999999990 	 0.046350009448940
4.600099999999990 	 0.045621705192839
4.620099999999990 	 0.044904478945988
4.640099999999990 	 0.044198195281469
4.660099999999990 	 0.043502718772367
4.680099999999990 	 0.042817913991766
4.700099999999990 	 0.042143645512750
4.720099999999990 	 0.041479777908403
4.740099999999990 	 0.040826175751808
4.760099999999990 	 0.040182703616050
4.780099999999990 	 0.039549226074213
4.800099999999990 	 0.038925607699381
4.820099999999990 	 0.038311713064637
4.840099999999980 	 0.037707406743066
4.860099999999980 	 0.037112553307751
4.880099999999980 	 0.036527017331777
4.900099999999980 	 0.035950663388228
4.920099999999980 	 0.035383356050186
4.940099999999980 	 0.034824959890738
4.960099999999980 	 0.034275339482966
4.980099999999980 	 0.033734359399954
5.000099999999980 	 0.033201884214786
5.020099999999980 	 0.032677778500547
5.040099999999980 	 0.032161906830320
5.060099999999980 	 0.031654133777189
5.080099999999980 	 0.031154323914239
5.100099999999980 	 0.030662341814553
5.120099999999980 	 0.030178052051214
5.140099999999980 	 0.029701319197308
5.160099999999980 	 0.029232007825918
5.180099999999980 	 0.028769982510129
5.200099999999980 	 0.028315107823023
5.220099999999980 	 0.027867248337685
5.240099999999980 	 0.027426268627199
5.260099999999980 	 0.026992033264649
5.280099999999980 	 0.026564406823119
5.300099999999970 	 0.026143253875692
5.320099999999970 	 0.025728438995454
5.340099999999970 	 0.025319826755487
5.360099999999970 	 0.024917281728876
5.380099999999970 	 0.024520668488705
5.400099999999970 	 0.024129851608058
5.420099999999970 	 0.023744695660018
5.440099999999970 	 0.023365065217670
5.460099999999970 	 0.022990824854097
5.480099999999970 	 0.022621839142384
5.500099999999970 	 0.022257972655614
5.520099999999970 	 0.021899089966872
5.540099999999970 	 0.021545055649242
5.560099999999970 	 0.021195734311169
5.580099999999970 	 0.020851012725780
5.600099999999970 	 0.020510837675942
5.620099999999970 	 0.020175166001424
5.640099999999970 	 0.019843954541997
5.660099999999970 	 0.019517160137430
5.680099999999970 	 0.019194739627492
5.700099999999970 	 0.018876649851955
5.720099999999970 	 0.018562847650586
5.740099999999970 	 0.018253289863157
5.760099999999960 	 0.017947933329437
5.780099999999960 	 0.017646734889196
5.800099999999960 	 0.017349651382203
5.820099999999960 	 0.017056639648228
5.840099999999960 	 0.016767656527041
5.860099999999960 	 0.016482658858412
5.880099999999960 	 0.016201603482110
5.900099999999960 	 0.015924447237906
5.920099999999960 	 0.015651146965568
5.940099999999960 	 0.015381659504867
5.960099999999960 	 0.015115941695573
5.980099999999960 	 0.014853950377455
6.000099999999960 	 0.014595642390284
6.020099999999960 	 0.014340974573827
6.040099999999960 	 0.014089903767857
6.060099999999960 	 0.013842386812142
6.080099999999960 	 0.013598380546452
6.100099999999960 	 0.013357841810557
6.120099999999960 	 0.013120727444226
6.140099999999960 	 0.012886994287230
6.160099999999960 	 0.012656599179338
6.180099999999960 	 0.012429498960319
6.200099999999960 	 0.012205650469945
6.220099999999960 	 0.011985010547984
6.240099999999950 	 0.011767536034206
6.260099999999950 	 0.011553183768381
6.280099999999950 	 0.011341910590278
6.300099999999950 	 0.011133673339668
6.320099999999950 	 0.010928428856321
6.340099999999950 	 0.010726133980005
6.360099999999950 	 0.010526745550491
6.380099999999950 	 0.010330220407548
6.400099999999950 	 0.010136515390947
6.420099999999950 	 0.009945587340457
6.440099999999950 	 0.009757393095847
6.460099999999950 	 0.009571889496888
6.480099999999950 	 0.009389033383350
6.500099999999950 	 0.009208781595001
6.520099999999950 	 0.009031090971612
6.540099999999950 	 0.008855918352953
6.560099999999950 	 0.008683220578793
6.580099999999950 	 0.008512954488903
6.600099999999950 	 0.008345076923051
6.620099999999950 	 0.008179544721007
6.640099999999950 	 0.008016314722542
6.660099999999950 	 0.007855343767426
6.680099999999950 	 0.007696588695427
6.700099999999940 	 0.007540006346315
6.720099999999940 	 0.007385553559862
6.740099999999940 	 0.007233187175835
6.760099999999940 	 0.007082864034005
6.780099999999940 	 0.006934540974142
6.800099999999940 	 0.006788174836016
6.820099999999940 	 0.006643722459395
6.840099999999940 	 0.006501140684051
6.860099999999940 	 0.006360386349753
6.880099999999940 	 0.006221416296269
6.900099999999940 	 0.006084187363372
6.920099999999940 	 0.005948656390829
6.940099999999940 	 0.005814780218411
6.960099999999940 	 0.005682515685887
6.980099999999940 	 0.005551819633028
7.000099999999940 	 0.005422648899603
7.020099999999940 	 0.005294960325382
7.040099999999940 	 0.005168710750134
7.060099999999940 	 0.005043857013630
7.080099999999940 	 0.004920355955639
7.100099999999940 	 0.004798164415930
7.120099999999940 	 0.004677239234274
7.140099999999940 	 0.004557537250441
7.160099999999940 	 0.004439015304200
7.180099999999930 	 0.004321630235321
7.200099999999930 	 0.004205338883573
7.220099999999930 	 0.004090098088727
7.240099999999930 	 0.003975864690552
7.260099999999930 	 0.003862595528818
7.280099999999930 	 0.003750247443294
7.300099999999930 	 0.003638777273751
7.320099999999930 	 0.003528141859959
7.340099999999930 	 0.003418298041686
7.360099999999930 	 0.003309202658703
7.380099999999930 	 0.003200812550780
7.400099999999930 	 0.003093084557686
7.420099999999930 	 0.002985975519191
7.440099999999930 	 0.002879442275064
7.460099999999930 	 0.002773441665077
7.480099999999930 	 0.002667930528997
7.500099999999930 	 0.002562865706596
7.520099999999930 	 0.002458204037642
7.540099999999930 	 0.002353902361906
7.560099999999930 	 0.002249917519158
7.580099999999930 	 0.002146206349166
7.600099999999930 	 0.002042725807185
7.620099999999930 	 0.001939443899821
7.640099999999920 	 0.001836348681397
7.660099999999920 	 0.001733430323595
7.680099999999920 	 0.001630678998094
7.700099999999920 	 0.001528084876573
7.720099999999920 	 0.001425638130713
7.740099999999920 	 0.001323328932194
7.760099999999920 	 0.001221147452694
7.780099999999920 	 0.001119083863896
7.800099999999920 	 0.001017128337477
7.820099999999920 	 0.000915271045118
7.840099999999920 	 0.000813502158499
7.860099999999920 	 0.000711811849299
7.880099999999920 	 0.000610190289199
7.900099999999920 	 0.000508627649878
7.920099999999920 	 0.000407114103016
7.940099999999920 	 0.000305639820294
7.960099999999920 	 0.000204194973390
7.980099999999920 	 0.000102769733985


0.000100000000000 	 0.000099990000500
0.020100000000000 	 0.019700023232639
0.040100000000000 	 0.038523803936989
0.060100000000000 	 0.056594388746557
0.080100000000000 	 0.073934225553331
0.100100000000000 	 0.090565168575701
0.120100000000000 	 0.106508493067864
0.140100000000000 	 0.121784909679460
0.160100000000000 	 0.136414578473547
0.180100000000000 	 0.150417122610798
0.200100000000000 	 0.163811641707648
0.220100000000000 	 0.176616724875941
0.240100000000000 	 0.188850463451451
0.260100000000000 	 0.200530463418480
0.280100000000000 	 0.211673857537590
0.300100000000000 	 0.222297317183342
0.320100000000000 	 0.232417063898775
0.340100000000000 	 0.242048880673212
0.360100000000000 	 0.251208122949801
0.380100000000000 	 0.259909729369088
0.400100000000000 	 0.268168232254748
0.420100000000000 	 0.275997767847486
0.440100000000000 	 0.283412086292954
0.460100000000000 	 0.290424561389427
0.480100000000000 	 0.297048200100828
0.500100000000000 	 0.303295651840575
0.520100000000000 	 0.309179217531597
0.540100000000000 	 0.314710858447740
0.560100000000000 	 0.319902204841673
0.580100000000000 	 0.324764564364276
0.600100000000000 	 0.329308930280398
0.620100000000000 	 0.333545989485724
0.640100000000000 	 0.337486130329436
0.660100000000000 	 0.341139450247192
0.680100000000000 	 0.344515763208880
0.700100000000000 	 0.347624606985486
0.720100000000000 	 0.350475250239317
0.740100000000000 	 0.353076699441731
0.760100000000000 	 0.355437705622422
0.780100000000000 	 0.357566770954216
0.800100000000000 	 0.359472155177251
0.820100000000000 	 0.361161881866314
0.840100000000000 	 0.362643744545036
0.860100000000000 	 0.363925312650544
0.880100000000000 	 0.365013937352094
0.900100000000000 	 0.365916757227146
0.920100000000000 	 0.366640703798217
0.940100000000000 	 0.367192506933829
0.960100000000001 	 0.367578700116739
0.980100000000001 	 0.367805625582609
1.000100000000000 	 0.367879439332168
1.020100000000000 	 0.367806116019863
1.040100000000000 	 0.367591453721936
1.060100000000000 	 0.367241078586769
1.080100000000000 	 0.366760449370298
1.100100000000000 	 0.366154861859236
1.120100000000000 	 0.365429453184740
1.140100000000000 	 0.364589206029158
1.160100000000000 	 0.363638952728382
1.180100000000000 	 0.362583379272290
1.200100000000000 	 0.361427029205718
1.220100000000000 	 0.360174307432315
1.240100000000000 	 0.358829483923617
1.260100000000000 	 0.357396697335584
1.280100000000000 	 0.355879958534821
1.300100000000000 	 0.354283154036641
1.320100000000000 	 0.352610049357074
1.340100000000000 	 0.350864292280887
1.360100000000000 	 0.349049416047621
1.380100000000000 	 0.347168842457622
1.400100000000000 	 0.345225884899966
1.420100000000000 	 0.343223751304175
1.440100000000000 	 0.341165547017537
1.460100000000000 	 0.339054277609832
1.480100000000000 	 0.336892851607200
1.500100000000000 	 0.334684083156868
1.520100000000000 	 0.332430694624390
1.540100000000000 	 0.330135319125045
1.560100000000000 	 0.327800502990957
1.580100000000000 	 0.325428708175521
1.600100000000000 	 0.323022314596623
1.620100000000000 	 0.320583622420150
1.640100000000000 	 0.318114854285236
1.660100000000000 	 0.315618157472643
1.680100000000000 	 0.313095606017681
1.700100000000000 	 0.310549202768979
1.720100000000000 	 0.307980881394464
1.740100000000000 	 0.305392508335789
1.760100000000000 	 0.302785884712500
1.780100000000000 	 0.300162748177145
1.800100000000000 	 0.297524774722532
1.820100000000000 	 0.294873580442295
1.840100000000000 	 0.292210723245918
1.860100000000000 	 0.289537704529322
1.880100000000000 	 0.286855970802109
1.900100000000000 	 0.284166915272520
1.920100000000000 	 0.281471879391140
1.940100000000000 	 0.278772154354379
1.960100000000000 	 0.276068982568692
1.980100000000000 	 0.273363559076528
2.000100000000000 	 0.270657032944924
2.020100000000000 	 0.267950508617695
2.040100000000000 	 0.265245047232084
2.060100000000000 	 0.262541667900778
2.080100000000000 	 0.259841348960125
2.100100000000000 	 0.257145029185401
2.120100000000000 	 0.254453608973931
2.140100000000000 	 0.251767951496878
2.160100000000000 	 0.249088883820451
2.180100000000000 	 0.246417197997318
2.200100000000000 	 0.243753652128949
2.220100000000000 	 0.241098971399614
2.240100000000000 	 0.238453849082747
2.260100000000000 	 0.235818947520358
2.280100000000000 	 0.233194899076176
2.300100000000000 	 0.230582307063164
2.320100000000000 	 0.227981746646068
2.340100000000000 	 0.225393765719598
2.360100000000000 	 0.222818885762885
2.380100000000000 	 0.220257602670776
2.400100000000000 	 0.217710387562574
2.420100000000000 	 0.215177687568780
2.440100000000000 	 0.212659926596386
2.460100000000000 	 0.210157506073277
2.480100000000000 	 0.207670805672249
2.500100000000000 	 0.205200184015173
2.520100000000000 	 0.202745979357797
2.540100000000000 	 0.200308510255692
2.560100000000000 	 0.197888076211797
2.580100000000000 	 0.195484958306055
2.600100000000000 	 0.193099419807579
2.620100000000000 	 0.190731706769797
2.640100000000000 	 0.188382048609012
2.660100000000000 	 0.186050658666807
2.680100000000000 	 0.183737734756685
2.700100000000000 	 0.181443459695381
2.720100000000000 	 0.179168001819207
2.740100000000000 	 0.176911515485835
2.760100000000000 	 0.174674141561888
2.780100000000000 	 0.172456007896695
2.800100000000000 	 0.170257229782580
2.820100000000000 	 0.168077910402022
2.840100000000000 	 0.165918141262034
2.860100000000000 	 0.163778002616084
2.880100000000000 	 0.161657563873886
2.900100000000000 	 0.159556883999375
2.920100000000000 	 0.157476011897173
2.940100000000000 	 0.155414986787844
2.960100000000000 	 0.153373838572234
2.980100000000000 	 0.151352588185177
3.000100000000000 	 0.149351247938853
3.020100000000000 	 0.147369821856056
3.040100000000000 	 0.145408305993647
3.060100000000000 	 0.143466688756454
3.080100000000000 	 0.141544951201852
3.100100000000000 	 0.139643067335296
3.120100000000000 	 0.137761004397016
3.140100000000000 	 0.135898723140133
3.160100000000000 	 0.134056178100411
3.180100000000000 	 0.132233317857868
3.200100000000000 	 0.130430085290468
3.220100000000000 	 0.128646417820096
3.240100000000000 	 0.126882247651030
3.260100000000000 	 0.125137502001113
3.280100000000000 	 0.123412103325805
3.300100000000000 	 0.121705969535328
3.320100000000000 	 0.120019014205074
3.340100000000000 	 0.118351146779458
3.360100000000000 	 0.116702272769408
3.380100000000000 	 0.115072293943644
3.400100000000000 	 0.113461108513929
3.420100000000000 	 0.111868611314448
3.440100000000000 	 0.110294693975484
3.460100000000000 	 0.108739245091530
3.480100000000000 	 0.107202150384010
3.500100000000000 	 0.105683292858737
3.520100000000000 	 0.104182552958270
3.540100000000000 	 0.102699808709299
3.560100000000000 	 0.101234935865190
3.580100000000000 	 0.099787808043850
3.600100000000000 	 0.098358296861004
3.620100000000000 	 0.096946272059046
3.640100000000000 	 0.095551601631564
3.660100000000000 	 0.094174151943669
3.680100000000000 	 0.092813787848250
3.700100000000000 	 0.091470372798256
3.720100000000000 	 0.090143768955126
3.740100000000000 	 0.088833837293480
3.760100000000000 	 0.087540437702163
3.780100000000000 	 0.086263429081754
3.800100000000000 	 0.085002669438643
3.820100000000000 	 0.083758015975767
3.840100000000000 	 0.082529325180101
3.860100000000000 	 0.081316452907006
3.880100000000000 	 0.080119254461507
3.900100000000000 	 0.078937584676613
3.920100000000000 	 0.077771297988738
3.940100000000000 	 0.076620248510328
3.960100000000000 	 0.075484290099767
3.980100000000000 	 0.074363276428638
4.000100000000000 	 0.073257061046423
4.020100000000000 	 0.072165497442712
4.040100000000000 	 0.071088439106995
4.060100000000000 	 0.070025739586118
4.080100000000000 	 0.068977252539451
4.100100000000000 	 0.067942831791857
4.120100000000000 	 0.066922331384516
4.140100000000000 	 0.065915605623678
4.160100000000000 	 0.064922509127385
4.180100000000000 	 0.063942896870257
4.200100000000000 	 0.062976624226372
4.220100000000000 	 0.062023547010307
4.240100000000000 	 0.061083521516401
4.260100000000000 	 0.060156404556292
4.280100000000000 	 0.059242053494772
4.300100000000000 	 0.058340326284026
4.320100000000000 	 0.057451081496297
4.340100000000000 	 0.056574178355025
4.360099999999990 	 0.055709476764508
4.380099999999990 	 0.054856837338141
4.400099999999990 	 0.054016121425260
4.420099999999990 	 0.053187191136649
4.440099999999990 	 0.052369909368754
4.460099999999990 	 0.051564139826627
4.480099999999990 	 0.050769747045664
4.500099999999990 	 0.049986596412162
4.520099999999990 	 0.049214554182734
4.540099999999990 	 0.048453487502624
4.560099999999990 	 0.047703264422954
4.580099999999990 	 0.046963753916942
4.600099999999990 	 0.046234825895118
4.620099999999990 	 0.045516351219580
4.640099999999990 	 0.044808201717318
4.660099999999990 	 0.044110250192633
4.680099999999990 	 0.043422370438689
4.700099999999990 	 0.042744437248227
4.720099999999990 	 0.042076326423459
4.740099999999990 	 0.041417914785187
4.760099999999990 	 0.040769080181161
4.780099999999990 	 0.040129701493702
4.800099999999990 	 0.039499658646632
4.820099999999990 	 0.038878832611513
4.840099999999980 	 0.038267105413235
4.860099999999980 	 0.037664360134972
4.880099999999980 	 0.037070480922531
4.900099999999980 	 0.036485352988105
4.920099999999980 	 0.035908862613473
4.940099999999980 	 0.035340897152646
4.960099999999980 	 0.034781345033992
4.980099999999980 	 0.034230095761855
5.000099999999980 	 0.033687039917695
5.020099999999980 	 0.033152069160750
5.040099999999980 	 0.032625076228257
5.060099999999980 	 0.032105954935243
5.080099999999980 	 0.031594600173895
5.100099999999980 	 0.031090907912536
5.120099999999980 	 0.030594775194222
5.140099999999980 	 0.030106100134968
5.160099999999980 	 0.029624781921624
5.180099999999980 	 0.029150720809416
5.200099999999980 	 0.028683818119163
5.220099999999980 	 0.028223976234187
5.240099999999980 	 0.027771098596925
5.260099999999980 	 0.027325089705261
5.280099999999980 	 0.026885855108587
5.300099999999970 	 0.026453301403604
5.320099999999970 	 0.026027336229883
5.340099999999970 	 0.025607868265184
5.360099999999970 	 0.025194807220557
5.380099999999970 	 0.024788063835227
5.400099999999970 	 0.024387549871274
5.420099999999970 	 0.023993178108131
5.440099999999970 	 0.023604862336885
5.460099999999970 	 0.023222517354414
5.480099999999970 	 0.022846058957355
5.500099999999970 	 0.022475403935922
5.520099999999970 	 0.022110470067571
5.540099999999970 	 0.021751176110527
5.560099999999970 	 0.021397441797184
5.580099999999970 	 0.021049187827381
5.600099999999970 	 0.020706335861555
5.620099999999970 	 0.020368808513800
5.640099999999970 	 0.020036529344809
5.660099999999970 	 0.019709422854733
5.680099999999970 	 0.019387414475943
5.700099999999970 	 0.019070430565721
5.720099999999970 	 0.018758398398861
5.740099999999970 	 0.018451246160214
5.760099999999960 	 0.018148902937159
5.780099999999960 	 0.017851298712019
5.800099999999960 	 0.017558364354425
5.820099999999960 	 0.017270031613626
5.840099999999960 	 0.016986233110764
5.860099999999960 	 0.016706902331101
5.880099999999960 	 0.016431973616220
5.900099999999960 	 0.016161382156191
5.920099999999960 	 0.015895063981709
5.940099999999960 	 0.015632955956221
5.960099999999960 	 0.015374995768025
5.980099999999960 	 0.015121121922360
6.000099999999960 	 0.014871273733484
6.020099999999960 	 0.014625391316747
6.040099999999960 	 0.014383415580660
6.060099999999960 	 0.014145288218965
6.080099999999960 	 0.013910951702705
6.100099999999960 	 0.013680349272305
6.120099999999960 	 0.013453424929655
6.140099999999960 	 0.013230123430214
6.160099999999960 	 0.013010390275120
6.180099999999960 	 0.012794171703319
6.200099999999960 	 0.012581414683720
6.220099999999960 	 0.012372066907358
6.240099999999950 	 0.012166076779596
6.260099999999950 	 0.011963393412340
6.280099999999950 	 0.011763966616293
6.300099999999950 	 0.011567746893230
6.320099999999950 	 0.011374685428310
6.340099999999950 	 0.011184734082420
6.360099999999950 	 0.010997845384554
6.380099999999950 	 0.010813972524228
6.400099999999950 	 0.010633069343939
6.420099999999950 	 0.010455090331654
6.440099999999950 	 0.010279990613348
6.460099999999950 	 0.010107725945583
6.480099999999950 	 0.009938252708127
6.500099999999950 	 0.009771527896625
6.520099999999950 	 0.009607509115308
6.540099999999950 	 0.009446154569755
6.560099999999950 	 0.009287423059702
6.580099999999950 	 0.009131273971895
6.600099999999950 	 0.008977667273003
6.620099999999950 	 0.008826563502571
6.640099999999950 	 0.008677923766031
6.660099999999950 	 0.008531709727764
6.680099999999950 	 0.008387883604213
6.700099999999940 	 0.008246408157054
6.720099999999940 	 0.008107246686414
6.740099999999940 	 0.007970363024149
6.760099999999940 	 0.007835721527180
6.780099999999940 	 0.007703287070873
6.800099999999940 	 0.007573025042489
6.820099999999940 	 0.007444901334680
6.840099999999940 	 0.007318882339046
6.860099999999940 	 0.007194934939750
6.880099999999940 	 0.007073026507190
6.900099999999940 	 0.006953124891722
6.920099999999940 	 0.006835198417452
6.940099999999940 	 0.006719215876075
6.960099999999940 	 0.006605146520783
6.980099999999940 	 0.006492960060219
7.000099999999940 	 0.006382626652499
7.020099999999940 	 0.006274116899287
7.040099999999940 	 0.006167401839933
7.060099999999940 	 0.006062452945661
7.080099999999940 	 0.005959242113827
7.100099999999940 	 0.005857741662225
7.120099999999940 	 0.005757924323456
7.140099999999940 	 0.005659763239357
7.160099999999940 	 0.005563231955481
7.180099999999930 	 0.005468304415644
7.200099999999930 	 0.005374954956522
7.220099999999930 	 0.005283158302312
7.240099999999930 	 0.005192889559446
7.260099999999930 	 0.005104124211364
7.280099999999930 	 0.005016838113344
7.300099999999930 	 0.004931007487388
7.320099999999930 	 0.004846608917170
7.340099999999930 	 0.004763619343029
7.360099999999930 	 0.004682016057033
7.380099999999930 	 0.004601776698085
7.400099999999930 	 0.004522879247095
7.420099999999930 	 0.004445302022201
7.440099999999930 	 0.004369023674049
7.460099999999930 	 0.004294023181124
7.480099999999930 	 0.004220279845139
7.500099999999930 	 0.004147773286478
7.520099999999930 	 0.004076483439689
7.540099999999930 	 0.004006390549034
7.560099999999930 	 0.003937475164091
7.580099999999930 	 0.003869718135409
7.600099999999930 	 0.003803100610215
7.620099999999930 	 0.003737604028173
7.640099999999920 	 0.003673210117193
7.660099999999920 	 0.003609900889298
7.680099999999920 	 0.003547658636531
7.700099999999920 	 0.003486465926921
7.720099999999920 	 0.003426305600499
7.740099999999920 	 0.003367160765354
7.760099999999920 	 0.003309014793754
7.780099999999920 	 0.003251851318300
7.800099999999920 	 0.003195654228139
7.820099999999920 	 0.003140407665222
7.840099999999920 	 0.003086096020607
7.860099999999920 	 0.003032703930815
7.880099999999920 	 0.002980216274224
7.900099999999920 	 0.002928618167521
7.920099999999920 	 0.002877894962187
7.940099999999920 	 0.002828032241041
7.960099999999920 	 0.002779015814815
7.980099999999920 	 0.002730831718786
