0.000100000000000 	 0.000099990000000
0.020100000000000 	 0.019698995547667
0.040100000000000 	 0.038515976117501
0.060100000000000 	 0.056568322232589
0.080100000000000 	 0.073873358133579
0.100100000000000 	 0.090447907815714
0.120100000000000 	 0.106308590582049
0.140100000000000 	 0.121471968991341
0.160100000000000 	 0.135953910059162
0.180100000000000 	 0.149769811682837
0.200100000000000 	 0.162935062972210
0.220100000000000 	 0.175465053037125
0.240100000000000 	 0.187375170987425
0.260100000000000 	 0.198680799744407
0.280100000000000 	 0.209396573415136
0.300100000000000 	 0.219535671798041
0.320100000000000 	 0.229111107600773
0.340100000000000 	 0.238135893530984
0.360100000000000 	 0.246623042296323
0.380100000000000 	 0.254585566604444
0.400100000000000 	 0.262036479162995
0.420100000000000 	 0.268988792679628
0.440100000000000 	 0.275455519861995
0.460100000000000 	 0.281449673417746
0.480100000000000 	 0.286984266054532
0.500100000000000 	 0.292072310480004
0.520100000000000 	 0.296726763867318
0.540100000000000 	 0.300958947597846
0.560100000000000 	 0.304778319181232
0.580100000000000 	 0.308194234732863
0.600100000000000 	 0.311216050368128
0.620100000000000 	 0.313853122202414
0.640100000000000 	 0.316114806351110
0.660100000000000 	 0.318010458929604
0.680100000000000 	 0.319549436053283
0.700100000000000 	 0.320741093837535
0.720100000000000 	 0.321594788397749
0.740100000000000 	 0.322119875849313
0.760100000000000 	 0.322325712307613
0.780100000000000 	 0.322221653888039
0.800100000000000 	 0.321817056705978
0.820100000000000 	 0.321121276876818
0.840100000000000 	 0.320143670515948
0.860100000000000 	 0.318893593738754
0.880100000000000 	 0.317380402660626
0.900100000000000 	 0.315613453396951
0.920100000000000 	 0.313602102063116
0.940100000000000 	 0.311355704774511
0.960100000000001 	 0.308883617135280
0.980100000000001 	 0.306194300022028
1.000100000000000 	 0.303293479973117
1.020100000000000 	 0.300186363007494
1.040100000000000 	 0.296878155144107
1.060100000000000 	 0.293374062401905
1.080100000000000 	 0.289679290799834
1.100100000000000 	 0.285799046356844
1.120100000000000 	 0.281738535091881
1.140100000000000 	 0.277502963023895
1.160100000000000 	 0.273097536171832
1.180100000000000 	 0.268527460554642
1.200100000000000 	 0.263797942191271
1.220100000000000 	 0.258914187100669
1.240100000000000 	 0.253881401301782
1.260100000000000 	 0.248704790813559
1.280100000000000 	 0.243389561654947
1.300100000000000 	 0.237940919844896
1.320100000000000 	 0.232364071402352
1.340100000000000 	 0.226664222346263
1.360100000000000 	 0.220846578695578
1.380100000000000 	 0.214916346469245
1.400100000000000 	 0.208878731686211
1.420100000000000 	 0.202738940365425
1.440100000000000 	 0.196502178525834
1.460100000000000 	 0.190173652186387
1.480100000000000 	 0.183758567366030
1.500100000000000 	 0.177262130083714
1.520100000000000 	 0.170689546358384
1.540100000000000 	 0.164046022208990
1.560100000000000 	 0.157336763654478
1.580100000000000 	 0.150566976713798
1.600100000000000 	 0.143741863270083
1.620100000000000 	 0.136865852555001
1.640100000000000 	 0.129941698448142
1.660100000000000 	 0.122971935479213
1.680100000000000 	 0.115959098177919
1.700100000000000 	 0.108905721073968
1.720100000000000 	 0.101814338697066
1.740100000000000 	 0.094687485576920
1.760100000000000 	 0.087527696243237
1.780100000000000 	 0.080337505225722
1.800100000000000 	 0.073119447054083
1.820100000000000 	 0.065876056258027
1.840100000000000 	 0.058609867367259
1.860100000000000 	 0.051323414911487
1.880100000000000 	 0.044019233420417
1.900100000000000 	 0.036699857423756
1.920100000000000 	 0.029367821451210
1.940100000000000 	 0.022025660032487
1.960100000000000 	 0.014675907697292
1.980100000000000 	 0.007321098975332
2.000000000000000 	 0.000000557129742


0.000100000000000 	 0.000099990000000
0.020100000000000 	 0.019699952508420
0.040100000000000 	 0.038523473029297
0.060100000000000 	 0.056593222547677
0.080100000000000 	 0.073931579602420
0.100100000000000 	 0.090559990645241
0.120100000000000 	 0.106499532526061
0.140100000000000 	 0.121771178625179
0.160100000000000 	 0.136394633943314
0.180100000000000 	 0.150388748005900
0.200100000000000 	 0.163772354313683
0.220100000000000 	 0.176564286367412
0.240100000000000 	 0.188783377667833
0.260100000000000 	 0.200448450788659
0.280100000000000 	 0.211577006132135
0.300100000000000 	 0.222183976246845
0.320100000000000 	 0.232283998651371
0.340100000000000 	 0.241891710864299
0.360100000000000 	 0.251021750404214
0.380100000000000 	 0.259688754789700
0.400100000000000 	 0.267907361539343
0.420100000000000 	 0.275692208171727
0.440100000000000 	 0.283057932205437
0.460100000000000 	 0.290019171159059
0.480100000000000 	 0.296590562551176
0.500100000000000 	 0.302786743900374
0.520100000000000 	 0.308622267858423
0.540100000000000 	 0.314109187289578
0.560100000000000 	 0.319256706722923
0.580100000000000 	 0.324073875738666
0.600100000000000 	 0.328569743917015
0.620100000000000 	 0.332753360838178
0.640100000000000 	 0.336633776082364
0.660100000000000 	 0.340220039229782
0.680100000000000 	 0.343521199860639
0.700100000000000 	 0.346546307555144
0.720100000000000 	 0.349304411893506
0.740100000000000 	 0.351804562455933
0.760100000000000 	 0.354055808822632
0.780100000000000 	 0.356067200573814
0.800100000000000 	 0.357847787289686
0.820100000000000 	 0.359406618550456
0.840100000000000 	 0.360752743936332
0.860100000000000 	 0.361895213027524
0.880100000000000 	 0.362843075404240
0.900100000000000 	 0.363605380646688
0.920100000000000 	 0.364191178335076
0.940100000000000 	 0.364609518049612
0.960100000000001 	 0.364868721860566
0.980100000000001 	 0.364973805990481
1.000100000000000 	 0.364928848148696
1.020100000000000 	 0.364737925981099
1.040100000000000 	 0.364405117133576
1.060100000000000 	 0.363934499252016
1.080100000000000 	 0.363330149982304
1.100100000000000 	 0.362596146970328
1.120100000000000 	 0.361736567861976
1.140100000000000 	 0.360755490303133
1.160100000000000 	 0.359656991939688
1.180100000000000 	 0.358445150417527
1.200100000000000 	 0.357124043382538
1.220100000000000 	 0.355697748480607
1.240100000000000 	 0.354170343357622
1.260100000000000 	 0.352545905659470
1.280100000000000 	 0.350828513032037
1.300100000000000 	 0.349022243121212
1.320100000000000 	 0.347131173572880
1.340100000000000 	 0.345159382032930
1.360100000000000 	 0.343110946147248
1.380100000000000 	 0.340989943561721
1.400100000000000 	 0.338800451922236
1.420100000000000 	 0.336546548874681
1.440100000000000 	 0.334232312064943
1.460100000000000 	 0.331861819138908
1.480100000000000 	 0.329439147742464
1.500100000000000 	 0.326968375521498
1.520100000000000 	 0.324453580121897
1.540100000000000 	 0.321898839189548
1.560100000000000 	 0.319308230370338
1.580100000000000 	 0.316685831310154
1.600100000000000 	 0.314035674081233
1.620100000000000 	 0.311360369944342
1.640100000000000 	 0.308660865129512
1.660100000000000 	 0.305938011063733
1.680100000000000 	 0.303192659173994
1.700100000000000 	 0.300425660887282
1.720100000000000 	 0.297637867630586
1.740100000000000 	 0.294830130830895
1.760100000000000 	 0.292003301915198
1.780100000000000 	 0.289158232310482
1.800100000000000 	 0.286295773443736
1.820100000000000 	 0.283416776741949
1.840100000000000 	 0.280522093632109
1.860100000000000 	 0.277612575541205
1.880100000000000 	 0.274689073896225
1.900100000000000 	 0.271752440124158
1.920100000000000 	 0.268803525651992
1.940100000000000 	 0.265843181906716
1.960100000000000 	 0.262872260315318
1.980100000000000 	 0.259891612304786
2.000100000000000 	 0.256902089302110
2.020100000000000 	 0.253904542734278
2.040100000000000 	 0.250899824028277
2.060100000000000 	 0.247888784611098
2.080100000000000 	 0.244872275909727
2.100100000000000 	 0.241851149351154
2.120100000000000 	 0.238826256362368
2.140100000000000 	 0.235798448370356
2.160100000000000 	 0.232768576802107
2.180100000000000 	 0.229737493084610
2.200100000000000 	 0.226706048644853
2.220100000000000 	 0.223675094909825
2.240100000000000 	 0.220645483306514
2.260100000000000 	 0.217618065261908
2.280100000000000 	 0.214593692202997
2.300100000000000 	 0.211573215556768
2.320100000000000 	 0.208557486750211
2.340100000000000 	 0.205547357210313
2.360100000000000 	 0.202543678364063
2.380100000000000 	 0.199547301638451
2.400100000000000 	 0.196559078460463
2.420100000000000 	 0.193579860257088
2.440100000000000 	 0.190610498455316
2.460100000000000 	 0.187651844482135
2.480100000000000 	 0.184704749764532
2.500100000000000 	 0.181770065729498
2.520100000000000 	 0.178848643804019
2.540100000000000 	 0.175941335415085
2.560100000000000 	 0.173048991989684
2.580100000000000 	 0.170172464954805
2.600100000000000 	 0.167312605737436
2.620100000000000 	 0.164470265764566
2.640100000000000 	 0.161646296463182
2.660100000000000 	 0.158841393152774
2.680100000000000 	 0.156055498615366
2.700100000000000 	 0.153288329161312
2.720100000000000 	 0.150539601055735
2.740100000000000 	 0.147809030563754
2.760100000000000 	 0.145096333950490
2.780100000000000 	 0.142401227481064
2.800100000000000 	 0.139723427420597
2.820100000000000 	 0.137062650034209
2.840100000000000 	 0.134418611587022
2.860100000000000 	 0.131791028344156
2.880100000000000 	 0.129179616570731
2.900100000000000 	 0.126584092531870
2.920100000000000 	 0.124004172492691
2.940100000000000 	 0.121439572718317
2.960100000000000 	 0.118890009473867
2.980100000000000 	 0.116355199024464
3.000100000000000 	 0.113834857635227
3.020100000000000 	 0.111328701571276
3.040100000000000 	 0.108836447097734
3.060100000000000 	 0.106357810479721
3.080100000000000 	 0.103892507982357
3.100100000000000 	 0.101440255870764
3.120100000000000 	 0.099000770410061
3.140100000000000 	 0.096573767865371
3.160100000000000 	 0.094158964501813
3.180100000000000 	 0.091756076584508
3.200100000000000 	 0.089364820378577
3.220100000000000 	 0.086984912149142
3.240100000000000 	 0.084616068161322
3.260100000000000 	 0.082258004680238
3.280100000000000 	 0.079910437971012
3.300100000000000 	 0.077573084298763
3.320100000000000 	 0.075245659928613
3.340100000000000 	 0.072927881125683
3.360100000000000 	 0.070619464155093
3.380100000000000 	 0.068320125281964
3.400100000000000 	 0.066029580771417
3.420100000000000 	 0.063747546888572
3.440100000000000 	 0.061473739898551
3.460100000000000 	 0.059207876066474
3.480100000000000 	 0.056949671657462
3.500100000000000 	 0.054698842936635
3.520100000000000 	 0.052455106169115
3.540100000000000 	 0.050218177620022
3.560100000000000 	 0.047987773554477
3.580100000000000 	 0.045763610237600
3.600100000000000 	 0.043545403934513
3.620100000000000 	 0.041332870910337
3.640100000000000 	 0.039125727430191
3.660100000000000 	 0.036923689759197
3.680100000000000 	 0.034726474162476
3.700100000000000 	 0.032533796905148
3.720100000000000 	 0.030345374252334
3.740100000000000 	 0.028160922469155
3.760100000000000 	 0.025980157820731
3.780100000000000 	 0.023802796572184
3.800100000000000 	 0.021628554988634
3.820100000000000 	 0.019457149335202
3.840100000000000 	 0.017288295877009
3.860100000000000 	 0.015121710879175
3.880100000000000 	 0.012957110606822
3.900100000000000 	 0.010794211325069
3.920100000000000 	 0.008632729299038
3.940100000000000 	 0.006472380793850
3.960100000000000 	 0.004312882074625
3.980100000000000 	 0.002153949406484
4.000000000000000 	 0.000006092073397


0.000100000000000 	 0.000099990000000
0.020100000000000 	 0.019699995379088
0.040100000000000 	 0.038523806150246
0.060100000000000 	 0.056594332718644
0.080100000000000 	 0.073934195303439
0.100100000000000 	 0.090565029145322
0.120100000000000 	 0.106508079030797
0.140100000000000 	 0.121784487741842
0.160100000000000 	 0.136414148362418
0.180100000000000 	 0.150416111101226
0.200100000000000 	 0.163809410378304
0.220100000000000 	 0.176613080613688
0.240100000000000 	 0.188846156227416
0.260100000000000 	 0.200527660234902
0.280100000000000 	 0.211675235691997
0.300100000000000 	 0.222303845567803
0.320100000000000 	 0.232428144906558
0.340100000000000 	 0.242062788752503
0.360100000000000 	 0.251222432149878
0.380100000000000 	 0.259921730142923
0.400100000000000 	 0.268175337775878
0.420100000000000 	 0.275997910092984
0.440100000000000 	 0.283404102138479
0.460100000000000 	 0.290408568956604
0.480100000000000 	 0.297025965591600
0.500100000000000 	 0.303270947087705
0.520100000000000 	 0.309158085285446
0.540100000000000 	 0.314699501225131
0.560100000000000 	 0.319904523429537
0.580100000000000 	 0.324782328509035
0.600100000000000 	 0.329342093073998
0.620100000000000 	 0.333592993734797
0.640100000000000 	 0.337544207101804
0.660100000000000 	 0.341204909785391
0.680100000000000 	 0.344584278395929
0.700100000000000 	 0.347691489543789
0.720100000000000 	 0.350535719839345
0.740100000000000 	 0.353126145892967
0.760100000000000 	 0.355471944315027
0.780100000000000 	 0.357582291715896
0.800100000000000 	 0.359466364705948
0.820100000000000 	 0.361133339895552
0.840100000000000 	 0.362592393895081
0.860100000000000 	 0.363852703314907
0.880100000000000 	 0.364923444765402
0.900100000000000 	 0.365813794856936
0.920100000000000 	 0.366532930175990
0.940100000000000 	 0.367089140184199
0.960100000000001 	 0.367487479677460
0.980100000000001 	 0.367732266416244
1.000100000000000 	 0.367827818161028
1.020100000000000 	 0.367778452672283
1.040100000000000 	 0.367588487710485
1.060100000000000 	 0.367262241036106
1.080100000000000 	 0.366804030409621
1.100100000000000 	 0.366218173591504
1.120100000000000 	 0.365508988342227
1.140100000000000 	 0.364680792422266
1.160100000000000 	 0.363737903592094
1.180100000000000 	 0.362684639612184
1.200100000000000 	 0.361525318243011
1.220100000000000 	 0.360264257245047
1.240100000000000 	 0.358905774378768
1.260100000000000 	 0.357454187404647
1.280100000000000 	 0.355913814083157
1.300100000000000 	 0.354288972174773
1.320100000000000 	 0.352583979439968
1.340100000000000 	 0.350803153639216
1.360100000000000 	 0.348950812532991
1.380100000000000 	 0.347031273881767
1.400100000000000 	 0.345048855446017
1.420100000000000 	 0.343007874986215
1.440100000000000 	 0.340912650262835
1.460100000000000 	 0.338767499036351
1.480100000000000 	 0.336576739067237
1.500100000000000 	 0.334344688115966
1.520100000000000 	 0.332075663943013
1.540100000000000 	 0.329773955938005
1.560100000000000 	 0.327442560262474
1.580100000000000 	 0.325082673904084
1.600100000000000 	 0.322695360819537
1.620100000000000 	 0.320281684965532
1.640100000000000 	 0.317842710298770
1.660100000000000 	 0.315379500775953
1.680100000000000 	 0.312893120353781
1.700100000000000 	 0.310384632988955
1.720100000000000 	 0.307855102638175
1.740100000000000 	 0.305305593258143
1.760100000000000 	 0.302737168805558
1.780100000000000 	 0.300150893237123
1.800100000000000 	 0.297547830509537
1.820100000000000 	 0.294929044579502
1.840100000000000 	 0.292295599403718
1.860100000000000 	 0.289648558938885
1.880100000000000 	 0.286988987141706
1.900100000000000 	 0.284317947968880
1.920100000000000 	 0.281636505377108
1.940100000000000 	 0.278945723323091
1.960100000000000 	 0.276246665763530
1.980100000000000 	 0.273540396655126
2.000100000000000 	 0.270827979954579
2.020100000000000 	 0.268110479618590
2.040100000000000 	 0.265388959603859
2.060100000000000 	 0.262664483867089
2.080100000000000 	 0.259938116364979
2.100100000000000 	 0.257210921054230
2.120100000000000 	 0.254483961891542
2.140100000000000 	 0.251758302833618
2.160100000000000 	 0.249035007837157
2.180100000000000 	 0.246315140858860
2.200100000000000 	 0.243599765855429
2.220100000000000 	 0.240889946783563
2.240100000000000 	 0.238186747599963
2.260100000000000 	 0.235491232261331
2.280100000000000 	 0.232804464724367
2.300100000000000 	 0.230127508945772
2.320100000000000 	 0.227461428882246
2.340100000000000 	 0.224807288490491
2.360100000000000 	 0.222166151727206
2.380100000000000 	 0.219539082549094
2.400100000000000 	 0.216927144912854
2.420100000000000 	 0.214331402775188
2.440100000000000 	 0.211752920092796
2.460100000000000 	 0.209192760822379
2.480100000000000 	 0.206651988920638
2.500100000000000 	 0.204131668254644
2.520100000000000 	 0.201632622386232
2.540100000000000 	 0.199154912079983
2.560100000000000 	 0.196698447094818
2.580100000000000 	 0.194263137189659
2.600100000000000 	 0.191848892123427
2.620100000000000 	 0.189455621655042
2.640100000000000 	 0.187083235543427
2.660100000000000 	 0.184731643547503
2.680100000000000 	 0.182400755426191
2.700100000000000 	 0.180090480938412
2.720100000000000 	 0.177800729843087
2.740100000000000 	 0.175531411899139
2.760100000000000 	 0.173282436865487
2.780100000000000 	 0.171053714501054
2.800100000000000 	 0.168845154564761
2.820100000000000 	 0.166656666815529
2.840100000000000 	 0.164488161012279
2.860100000000000 	 0.162339546913933
2.880100000000000 	 0.160210734279412
2.900100000000000 	 0.158101632867637
2.920100000000000 	 0.156012152437530
2.940100000000000 	 0.153942202748012
2.960100000000000 	 0.151891693558004
2.980100000000000 	 0.149860534626427
3.000100000000000 	 0.147848635712203
3.020100000000000 	 0.145855906574253
3.040100000000000 	 0.143882256971498
3.060100000000000 	 0.141927596662861
3.080100000000000 	 0.139991835407261
3.100100000000000 	 0.138074882963620
3.120100000000000 	 0.136176649090860
3.140100000000000 	 0.134297043547901
3.160100000000000 	 0.132435976093666
3.180100000000000 	 0.130593356487076
3.200100000000000 	 0.128769094487051
3.220100000000000 	 0.126963099852513
3.240100000000000 	 0.125175282342383
3.260100000000000 	 0.123405551715583
3.280100000000000 	 0.121653817731034
3.300100000000000 	 0.119919990147658
3.320100000000000 	 0.118203978724374
3.340100000000000 	 0.116505693220106
3.360100000000000 	 0.114825043393774
3.380100000000000 	 0.113161939004299
3.400100000000000 	 0.111516289810603
3.420100000000000 	 0.109888005571607
3.440100000000000 	 0.108276996046232
3.460100000000000 	 0.106683170993400
3.480100000000000 	 0.105106440172032
3.500100000000000 	 0.103546713341049
3.520100000000000 	 0.102003900259373
3.540100000000000 	 0.100477910685924
3.560100000000000 	 0.098968654379625
3.580100000000000 	 0.097476041099395
3.600100000000000 	 0.095999980604158
3.620100000000000 	 0.094540382652834
3.640100000000000 	 0.093097157004344
3.660100000000000 	 0.091670213417609
3.680100000000000 	 0.090259461651552
3.700100000000000 	 0.088864811465093
3.720100000000000 	 0.087486172617153
3.740100000000000 	 0.086123454866654
3.760100000000000 	 0.084776567972517
3.780100000000000 	 0.083445421693664
3.800100000000000 	 0.082129925789015
3.820100000000000 	 0.080829990017492
3.840100000000000 	 0.079545524138017
3.860100000000000 	 0.078276437909510
3.880100000000000 	 0.077022641090893
3.900100000000000 	 0.075784043441087
3.920100000000000 	 0.074560554706774
3.940100000000000 	 0.073352069888883
3.960100000000000 	 0.072158440632401
3.980100000000000 	 0.070979510654145
4.000100000000000 	 0.069815123670932
4.020100000000000 	 0.068665123399578
4.040100000000000 	 0.067529353556902
4.060100000000000 	 0.066407657859720
4.080100000000000 	 0.065299880024848
4.100100000000000 	 0.064205863769103
4.120100000000000 	 0.063125452809303
4.140100000000000 	 0.062058490862265
4.160100000000000 	 0.061004821644804
4.180100000000000 	 0.059964288873739
4.200100000000000 	 0.058936736265885
4.220100000000000 	 0.057922007538061
4.240100000000000 	 0.056919946407082
4.260100000000000 	 0.055930396589766
4.280100000000000 	 0.054953201802930
4.300100000000000 	 0.053988205763390
4.320100000000000 	 0.053035252187964
4.340100000000000 	 0.052094184793468
4.360099999999990 	 0.051164847296719
4.380099999999990 	 0.050247083414534
4.400099999999990 	 0.049340736863730
4.420099999999990 	 0.048445651361124
4.440099999999990 	 0.047561670623533
4.460099999999990 	 0.046688638367773
4.480099999999990 	 0.045826398310662
4.500099999999990 	 0.044974794169016
4.520099999999990 	 0.044133669659653
4.540099999999990 	 0.043302868499389
4.560099999999990 	 0.042482234405042
4.580099999999990 	 0.041671611093427
4.600099999999990 	 0.040870842281362
4.620099999999990 	 0.040079771685664
4.640099999999990 	 0.039298243023150
4.660099999999990 	 0.038526100010636
4.680099999999990 	 0.037763186364940
4.700099999999990 	 0.037009345802879
4.720099999999990 	 0.036264422041268
4.740099999999990 	 0.035528258796926
4.760099999999990 	 0.034800699786669
4.780099999999990 	 0.034081588727314
4.800099999999990 	 0.033370769335678
4.820099999999990 	 0.032668085328578
4.840099999999980 	 0.031973380422831
4.860099999999980 	 0.031286498335253
4.880099999999980 	 0.030607282782662
4.900099999999980 	 0.029935577481874
4.920099999999980 	 0.029271226149706
4.940099999999980 	 0.028614072502975
4.960099999999980 	 0.027963960258499
4.980099999999980 	 0.027320733133094
5.000099999999980 	 0.026684234843576
5.020099999999980 	 0.026054309106763
5.040099999999980 	 0.025430799639472
5.060099999999980 	 0.024813550158520
5.080099999999980 	 0.024202404380723
5.100099999999980 	 0.023597206022898
5.120099999999980 	 0.022997798801863
5.140099999999980 	 0.022404026434434
5.160099999999980 	 0.021815732637428
5.180099999999980 	 0.021232761127662
5.200099999999980 	 0.020654955621952
5.220099999999980 	 0.020082159837117
5.240099999999980 	 0.019514217489972
5.260099999999980 	 0.018950972297334
5.280099999999980 	 0.018392267976021
5.300099999999970 	 0.017837948242850
5.320099999999970 	 0.017287856814637
5.340099999999970 	 0.016741837408198
5.360099999999970 	 0.016199733740352
5.380099999999970 	 0.015661389527915
5.400099999999970 	 0.015126648487703
5.420099999999970 	 0.014595354336535
5.440099999999970 	 0.014067350791226
5.460099999999970 	 0.013542481568593
5.480099999999970 	 0.013020590385454
5.500099999999970 	 0.012501520958625
5.520099999999970 	 0.011985117004923
5.540099999999970 	 0.011471222241166
5.560099999999970 	 0.010959680384169
5.580099999999970 	 0.010450335150751
5.600099999999970 	 0.009943030257727
5.620099999999970 	 0.009437609421915
5.640099999999970 	 0.008933916360131
5.660099999999970 	 0.008431794789193
5.680099999999970 	 0.007931088425917
5.700099999999970 	 0.007431640987121
5.720099999999970 	 0.006933296189621
5.740099999999970 	 0.006435897750233
5.760099999999960 	 0.005939289385776
5.780099999999960 	 0.005443314813066
5.800099999999960 	 0.004947817748919
5.820099999999960 	 0.004452641910153
5.840099999999960 	 0.003957631013585
5.860099999999960 	 0.003462628776031
5.880099999999960 	 0.002967478914308
5.900099999999960 	 0.002472025145234
5.920099999999960 	 0.001976111185625
5.940099999999960 	 0.001479580791293
5.960099999999960 	 0.000982362993948
5.980099999999960 	 0.000484652852335
6.000000000000000 	 -0.000010812863373


0.000100000000000 	 0.000099990000000
0.020100000000000 	 0.019699997394278
0.040100000000000 	 0.038523820085641
0.060100000000000 	 0.056594381471281
0.080100000000000 	 0.073934322572477
0.100100000000000 	 0.090565275696678
0.120100000000000 	 0.106508473191139
0.140100000000000 	 0.121785047649692
0.160100000000000 	 0.136414910048659
0.180100000000000 	 0.150417147428373
0.200100000000000 	 0.163810831395276
0.220100000000000 	 0.176615033555805
0.240100000000000 	 0.188848825516399
0.260100000000000 	 0.200531267280498
0.280100000000000 	 0.211680014888381
0.300100000000000 	 0.222309997675018
0.320100000000000 	 0.232435831694348
0.340100000000000 	 0.242072133000305
0.360100000000000 	 0.251233517646826
0.380100000000000 	 0.259934601687849
0.400100000000000 	 0.268190001177308
0.420100000000000 	 0.276014332169140
0.440100000000000 	 0.283422210717283
0.460100000000000 	 0.290428252875671
0.480100000000000 	 0.297047074698242
0.500100000000000 	 0.303293292238932
0.520100000000000 	 0.309181440225450
0.540100000000000 	 0.314723657887453
0.560100000000000 	 0.319929354950068
0.580100000000000 	 0.324807792653909
0.600100000000000 	 0.329368232239590
0.620100000000000 	 0.333619934947726
0.640100000000000 	 0.337572162018932
0.660100000000000 	 0.341234174693823
0.680100000000000 	 0.344615234213012
0.700100000000000 	 0.347724601817115
0.720100000000000 	 0.350571538746745
0.740100000000000 	 0.353165306242519
0.760100000000000 	 0.355515165545050
0.780100000000000 	 0.357630377894952
0.800100000000000 	 0.359520204532842
0.820100000000000 	 0.361193906699332
0.840100000000000 	 0.362660745635037
0.860100000000000 	 0.363929982580573
0.880100000000000 	 0.365010878776554
0.900100000000000 	 0.365912695463594
0.920100000000000 	 0.366644321150707
0.940100000000000 	 0.367211679790961
0.960100000000001 	 0.367619279819902
0.980100000000001 	 0.367871620910141
1.000100000000000 	 0.367973202734290
1.020100000000000 	 0.367928524964960
1.040100000000000 	 0.367742087274762
1.060100000000000 	 0.367418389336308
1.080100000000000 	 0.366961930822210
1.100100000000000 	 0.366377211405077
1.120100000000000 	 0.365668730757523
1.140100000000000 	 0.364840988552158
1.160100000000000 	 0.363898484461594
1.180100000000000 	 0.362845718158441
1.200100000000000 	 0.361687189315312
1.220100000000000 	 0.360427397604818
1.240100000000000 	 0.359070842699570
1.260100000000000 	 0.357622024272179
1.280100000000000 	 0.356085441995257
1.300100000000000 	 0.354465595541416
1.320100000000000 	 0.352766984583266
1.340100000000000 	 0.350994108793420
1.360100000000000 	 0.349151467844487
1.380100000000000 	 0.347243561409081
1.400100000000000 	 0.345274889159811
1.420100000000000 	 0.343249950769291
1.440100000000000 	 0.341173245910130
1.460100000000000 	 0.339049274254940
1.480100000000000 	 0.336882535476333
1.500100000000000 	 0.334677486717777
1.520100000000000 	 0.332437169662834
1.540100000000000 	 0.330162914128732
1.560100000000000 	 0.327855947449689
1.580100000000000 	 0.325517496959921
1.600100000000000 	 0.323148789993643
1.620100000000000 	 0.320751053885073
1.640100000000000 	 0.318325515968426
1.660100000000000 	 0.315873403577919
1.680100000000000 	 0.313395944047768
1.700100000000000 	 0.310894364712190
1.720100000000000 	 0.308369892905400
1.740100000000000 	 0.305823755961615
1.760100000000000 	 0.303257181215052
1.780100000000000 	 0.300671395999926
1.800100000000000 	 0.298067627650454
1.820100000000000 	 0.295447103500852
1.840100000000000 	 0.292811050885337
1.860100000000000 	 0.290160697138125
1.880100000000000 	 0.287497269593432
1.900100000000000 	 0.284821995585474
1.920100000000000 	 0.282136102448468
1.940100000000000 	 0.279440817516630
1.960100000000000 	 0.276737368124177
1.980100000000000 	 0.274026981605324
2.000100000000000 	 0.271310885294288
2.020100000000000 	 0.268590306525286
2.040100000000000 	 0.265866472632532
2.060100000000000 	 0.263140610950245
2.080100000000000 	 0.260413948812641
2.100100000000000 	 0.257687713553934
2.120100000000000 	 0.254963132508343
2.140100000000000 	 0.252241433010082
2.160100000000000 	 0.249523842393369
2.180100000000000 	 0.246811587992420
2.200100000000000 	 0.244105897141450
2.220100000000000 	 0.241407997174677
2.240100000000000 	 0.238719115426317
2.260100000000000 	 0.236040479230585
2.280100000000000 	 0.233373315921699
2.300100000000000 	 0.230718852833875
2.320100000000000 	 0.228078317301328
2.340100000000000 	 0.225452936658275
2.360100000000000 	 0.222843938238933
2.380100000000000 	 0.220252549377518
2.400100000000000 	 0.217679997408245
2.420100000000000 	 0.215127349941482
2.440100000000000 	 0.212594832820049
2.460100000000000 	 0.210082395581684
2.480100000000000 	 0.207589987601072
2.500100000000000 	 0.205117558252894
2.520100000000000 	 0.202665056911833
2.540100000000000 	 0.200232432952571
2.560100000000000 	 0.197819635749792
2.580100000000000 	 0.195426614678177
2.600100000000000 	 0.193053319112410
2.620100000000000 	 0.190699698427173
2.640100000000000 	 0.188365701997149
2.660100000000000 	 0.186051279197019
2.680100000000000 	 0.183756379401468
2.700100000000000 	 0.181480951985177
2.720100000000000 	 0.179224946322828
2.740100000000000 	 0.176988311789105
2.760100000000000 	 0.174770997758691
2.780100000000000 	 0.172572953606267
2.800100000000000 	 0.170394128706516
2.820100000000000 	 0.168234472434121
2.840100000000000 	 0.166093934163765
2.860100000000000 	 0.163972463270130
2.880100000000000 	 0.161870009127898
2.900100000000000 	 0.159786521111753
2.920100000000000 	 0.157721948596376
2.940100000000000 	 0.155676240956451
2.960100000000000 	 0.153649347566660
2.980100000000000 	 0.151641217801686
3.000100000000000 	 0.149651801036211
3.020100000000000 	 0.147681046644918
3.040100000000000 	 0.145728904002489
3.060100000000000 	 0.143795322483607
3.080100000000000 	 0.141880251462955
3.100100000000000 	 0.139983640315215
3.120100000000000 	 0.138105438415069
3.140100000000000 	 0.136245595137201
3.160100000000000 	 0.134404059856293
3.180100000000000 	 0.132580781947028
3.200100000000000 	 0.130775710784087
3.220100000000000 	 0.128988795742155
3.240100000000000 	 0.127219986195913
3.260100000000000 	 0.125469231520043
3.280100000000000 	 0.123736481089229
3.300100000000000 	 0.122021684278154
3.320100000000000 	 0.120324790461499
3.340100000000000 	 0.118645749013947
3.360100000000000 	 0.116984509310181
3.380100000000000 	 0.115341020724883
3.400100000000000 	 0.113715232632737
3.420100000000000 	 0.112107094408424
3.440100000000000 	 0.110516555426628
3.460100000000000 	 0.108943565062030
3.480100000000000 	 0.107388072689314
3.500100000000000 	 0.105850027683162
3.520100000000000 	 0.104329379418256
3.540100000000000 	 0.102826077269280
3.560100000000000 	 0.101340070610915
3.580100000000000 	 0.099871308817845
3.600100000000000 	 0.098419741264752
3.620100000000000 	 0.096985317326318
3.640100000000000 	 0.095567986377227
3.660100000000000 	 0.094167697792160
3.680100000000000 	 0.092784400945800
3.700100000000000 	 0.091418045212831
3.720100000000000 	 0.090068579967934
3.740100000000000 	 0.088735954585792
3.760100000000000 	 0.087420118441088
3.780100000000000 	 0.086121016520133
3.800100000000000 	 0.084838544687171
3.820100000000000 	 0.083572567990993
3.840100000000000 	 0.082322951004766
3.860100000000000 	 0.081089558301659
3.880100000000000 	 0.079872254454838
3.900100000000000 	 0.078670904037472
3.920100000000000 	 0.077485371622729
3.940100000000000 	 0.076315521783775
3.960100000000000 	 0.075161219093780
3.980100000000000 	 0.074022328125909
4.000100000000000 	 0.072898713453333
4.020100000000000 	 0.071790239649217
4.040100000000000 	 0.070696771286730
4.060100000000000 	 0.069618172939039
4.080100000000000 	 0.068554309179312
4.100100000000000 	 0.067505044580717
4.120100000000000 	 0.066470243716422
4.140100000000000 	 0.065449771159595
4.160100000000000 	 0.064443491483402
4.180100000000000 	 0.063451269261012
4.200100000000000 	 0.062472969065592
4.220100000000000 	 0.061508455470311
4.240100000000000 	 0.060557593048336
4.260100000000000 	 0.059620246372834
4.280100000000000 	 0.058696280016974
4.300100000000000 	 0.057785558553922
4.320100000000000 	 0.056887946556848
4.340100000000000 	 0.056003308598918
4.360099999999990 	 0.055131509253301
4.380099999999990 	 0.054272413093163
4.400099999999990 	 0.053425884691673
4.420099999999990 	 0.052591788621999
4.440099999999990 	 0.051769989457308
4.460099999999990 	 0.050960351770768
4.480099999999990 	 0.050162740135546
4.500099999999990 	 0.049377019124811
4.520099999999990 	 0.048603053311730
4.540099999999990 	 0.047840707269470
4.560099999999990 	 0.047089845571200
4.580099999999990 	 0.046350332790088
4.600099999999990 	 0.045622033499300
4.620099999999990 	 0.044904812272005
4.640099999999990 	 0.044198533681370
4.660099999999990 	 0.043503062300564
4.680099999999990 	 0.042818262702753
4.700099999999990 	 0.042143999461106
4.720099999999990 	 0.041480137148791
4.740099999999990 	 0.040826540338974
4.760099999999990 	 0.040183073604824
4.780099999999990 	 0.039549601519509
4.800099999999990 	 0.038925988656195
4.820099999999990 	 0.038312099588052
4.840099999999980 	 0.037707798888246
4.860099999999980 	 0.037112951129946
4.880099999999980 	 0.036527420886319
4.900099999999980 	 0.035951072730533
4.920099999999980 	 0.035383771235755
4.940099999999980 	 0.034825380975153
4.960099999999980 	 0.034275766521896
4.980099999999980 	 0.033734792449150
5.000099999999980 	 0.033202323330084
5.020099999999980 	 0.032678223737864
5.040099999999980 	 0.032162358245660
5.060099999999980 	 0.031654591426638
5.080099999999980 	 0.031154787853967
5.100099999999980 	 0.030662812100814
5.120099999999980 	 0.030178528740346
5.140099999999980 	 0.029701802345732
5.160099999999980 	 0.029232497490139
5.180099999999980 	 0.028770478746736
5.200099999999980 	 0.028315610688688
5.220099999999980 	 0.027867757889166
5.240099999999980 	 0.027426784921335
5.260099999999980 	 0.026992556358364
5.280099999999980 	 0.026564936773421
5.300099999999970 	 0.026143790739673
5.320099999999970 	 0.025728982830288
5.340099999999970 	 0.025320377618434
5.360099999999970 	 0.024917839677279
5.380099999999970 	 0.024521233579989
5.400099999999970 	 0.024130423899734
5.420099999999970 	 0.023745275209680
5.440099999999970 	 0.023365652082995
5.460099999999970 	 0.022991419092848
5.480099999999970 	 0.022622440812405
5.500099999999970 	 0.022258581814835
5.520099999999970 	 0.021899706673305
5.540099999999970 	 0.021545679960984
5.560099999999970 	 0.021196366286410
5.580099999999970 	 0.020851652425414
5.600099999999970 	 0.020511485169174
5.620099999999970 	 0.020175821366444
5.640099999999970 	 0.019844617865982
5.660099999999970 	 0.019517831516544
5.680099999999970 	 0.019195419166887
5.700099999999970 	 0.018877337665768
5.720099999999970 	 0.018563543861941
5.740099999999970 	 0.018253994604165
5.760099999999960 	 0.017948646741196
5.780099999999960 	 0.017647457121790
5.800099999999960 	 0.017350382594703
5.820099999999960 	 0.017057380008693
5.840099999999960 	 0.016768406212515
5.860099999999960 	 0.016483418054927
5.880099999999960 	 0.016202372384684
5.900099999999960 	 0.015925226050543
5.920099999999960 	 0.015651935901261
5.940099999999960 	 0.015382458785594
5.960099999999960 	 0.015116751552299
5.980099999999960 	 0.014854771050132
6.000099999999960 	 0.014596474127850
6.020099999999960 	 0.014341817634208
6.040099999999960 	 0.014090758417965
6.060099999999960 	 0.013843253327875
6.080099999999960 	 0.013599259212697
6.100099999999960 	 0.013358732921185
6.120099999999960 	 0.013121631302097
6.140099999999960 	 0.012887911204189
6.160099999999960 	 0.012657529476218
6.180099999999960 	 0.012430442966940
6.200099999999960 	 0.012206608525112
6.220099999999960 	 0.011985982999489
6.240099999999950 	 0.011768523238830
6.260099999999950 	 0.011554186091889
6.280099999999950 	 0.011342928407425
6.300099999999950 	 0.011134707034192
6.320099999999950 	 0.010929478820948
6.340099999999950 	 0.010727200616449
6.360099999999950 	 0.010527829269452
6.380099999999950 	 0.010331321628713
6.400099999999950 	 0.010137634542988
6.420099999999950 	 0.009946724861035
6.440099999999950 	 0.009758549431609
6.460099999999950 	 0.009573065103467
6.480099999999950 	 0.009390228725366
6.500099999999950 	 0.009209997146063
6.520099999999950 	 0.009032327214312
6.540099999999950 	 0.008857175778872
6.560099999999950 	 0.008684499688499
6.580099999999950 	 0.008514255791949
6.600099999999950 	 0.008346400937978
6.620099999999950 	 0.008180891975343
6.640099999999950 	 0.008017685752801
6.660099999999950 	 0.007856739119109
6.680099999999950 	 0.007698008923021
6.700099999999940 	 0.007541452013296
6.720099999999940 	 0.007387025238690
6.740099999999940 	 0.007234685447958
6.760099999999940 	 0.007084389489859
6.780099999999940 	 0.006936094213147
6.800099999999940 	 0.006789756466580
6.820099999999940 	 0.006645333098914
6.840099999999940 	 0.006502780958906
6.860099999999940 	 0.006362056895312
6.880099999999940 	 0.006223117756888
6.900099999999940 	 0.006085920392392
6.920099999999940 	 0.005950421650579
6.940099999999940 	 0.005816578380206
6.960099999999940 	 0.005684347430030
6.980099999999940 	 0.005553685648807
7.000099999999940 	 0.005424549885293
7.020099999999940 	 0.005296896988246
7.040099999999940 	 0.005170683806421
7.060099999999940 	 0.005045867188576
7.080099999999940 	 0.004922403983466
7.100099999999940 	 0.004800251039848
7.120099999999940 	 0.004679365206478
7.140099999999940 	 0.004559703332114
7.160099999999940 	 0.004441222265511
7.180099999999930 	 0.004323878855427
7.200099999999930 	 0.004207629950617
7.220099999999930 	 0.004092432399838
7.240099999999930 	 0.003978243051847
7.260099999999930 	 0.003865018755399
7.280099999999930 	 0.003752716359253
7.300099999999930 	 0.003641292712163
7.320099999999930 	 0.003530704662887
7.340099999999930 	 0.003420909060181
7.360099999999930 	 0.003311862752802
7.380099999999930 	 0.003203522589506
7.400099999999930 	 0.003095845419049
7.420099999999930 	 0.002988788090188
7.440099999999930 	 0.002882307451680
7.460099999999930 	 0.002776360352282
7.480099999999930 	 0.002670903640748
7.500099999999930 	 0.002565894165837
7.520099999999930 	 0.002461288776304
7.540099999999930 	 0.002357044320907
7.560099999999930 	 0.002253117648401
7.580099999999930 	 0.002149465607543
7.600099999999930 	 0.002046045162335
7.620099999999930 	 0.001942824308532
7.640099999999920 	 0.001839791055783
7.660099999999920 	 0.001736935527748
7.680099999999920 	 0.001634247848090
7.700099999999920 	 0.001531718140468
7.720099999999920 	 0.001429336528546
7.740099999999920 	 0.001327093135984
7.760099999999920 	 0.001224978086443
7.780099999999920 	 0.001122981503584
7.800099999999920 	 0.001021093511070
7.820099999999920 	 0.000919304232561
7.840099999999920 	 0.000817603791718
7.860099999999920 	 0.000715982312203
7.880099999999920 	 0.000614429917678
7.900099999999920 	 0.000512936731803
7.920099999999920 	 0.000411492878239
7.940099999999920 	 0.000310088480649
7.960099999999920 	 0.000208713662693
7.980099999999920 	 0.000107358548033
8.000000000000000 	 0.000006519978661


0.000100000000000 	 0.000099990000000
0.020100000000000 	 0.019699997535110
0.040100000000000 	 0.038523819882237
0.060100000000000 	 0.056594382533477
0.080100000000000 	 0.073934334413237
0.100100000000000 	 0.090565299557401
0.120100000000000 	 0.106508495553101
0.140100000000000 	 0.121785041881944
0.160100000000000 	 0.136414856951204
0.180100000000000 	 0.150417049087773
0.200100000000000 	 0.163810711444192
0.220100000000000 	 0.176614937173004
0.240100000000000 	 0.188848819426748
0.260100000000000 	 0.200531439620902
0.280100000000000 	 0.211680458986180
0.300100000000000 	 0.222310780543221
0.320100000000000 	 0.232436990411930
0.340100000000000 	 0.242073674712213
0.360100000000000 	 0.251235419563976
0.380100000000000 	 0.259936811087125
0.400100000000000 	 0.268192435401565
0.420100000000000 	 0.276016878627203
0.440100000000000 	 0.283424726883945
0.460100000000000 	 0.290430566291696
0.480100000000000 	 0.297048982970362
0.500100000000000 	 0.303294563039849
0.520100000000000 	 0.309181812693114
0.540100000000000 	 0.314722883841364
0.560100000000000 	 0.319927245854405
0.580100000000000 	 0.324804222172319
0.600100000000000 	 0.329363136235184
0.620100000000000 	 0.333613311483081
0.640100000000000 	 0.337564071356091
0.660100000000000 	 0.341224739294294
0.680100000000000 	 0.344604638737770
0.700100000000000 	 0.347713093126598
0.720100000000000 	 0.350559425900860
0.740100000000000 	 0.353152960500635
0.760100000000000 	 0.355503020366005
0.780100000000000 	 0.357618928937048
0.800100000000000 	 0.359510009653845
0.820100000000000 	 0.361185585956477
0.840100000000000 	 0.362654981285023
0.860100000000000 	 0.363927519079564
0.880100000000000 	 0.365012522780180
0.900100000000000 	 0.365919286722670
0.920100000000000 	 0.366655368504702
0.940100000000000 	 0.367225639238886
0.960100000000001 	 0.367634739579207
0.980100000000001 	 0.367887310179648
1.000100000000000 	 0.367987991694194
1.020100000000000 	 0.367941424776830
1.040100000000000 	 0.367752250081538
1.060100000000000 	 0.367425108262305
1.080100000000000 	 0.366964639973113
1.100100000000000 	 0.366375485867948
1.120100000000000 	 0.365662286600793
1.140100000000000 	 0.364829682825633
1.160100000000000 	 0.363882315196451
1.180100000000000 	 0.362824824367232
1.200100000000000 	 0.361661850991961
1.220100000000000 	 0.360398035724622
1.240100000000000 	 0.359038019219198
1.260100000000000 	 0.357586442129674
1.280100000000000 	 0.356047945110034
1.300100000000000 	 0.354427168814263
1.320100000000000 	 0.352728753896344
1.340100000000000 	 0.350957341010262
1.360100000000000 	 0.349117570810002
1.380100000000000 	 0.347214083949547
1.400100000000000 	 0.345251521082881
1.420100000000000 	 0.343234522863990
1.440100000000000 	 0.341167729946856
1.460100000000000 	 0.339055782985465
1.480100000000000 	 0.336902864180856
1.500100000000000 	 0.334710974967927
1.520100000000000 	 0.332481469042305
1.540100000000000 	 0.330215699994656
1.560100000000000 	 0.327915021415646
1.580100000000000 	 0.325580786895941
1.600100000000000 	 0.323214350026208
1.620100000000000 	 0.320817064397111
1.640100000000000 	 0.318390283599316
1.660100000000000 	 0.315935361223491
1.680100000000000 	 0.313453650860300
1.700100000000000 	 0.310946506100409
1.720100000000000 	 0.308415280534484
1.740100000000000 	 0.305861327753192
1.760100000000000 	 0.303286001347198
1.780100000000000 	 0.300690654907168
1.800100000000000 	 0.298076642023768
1.820100000000000 	 0.295445316287663
1.840100000000000 	 0.292798031289520
1.860100000000000 	 0.290136140620005
1.880100000000000 	 0.287460997869783
1.900100000000000 	 0.284773956629521
1.920100000000000 	 0.282076370489883
1.940100000000000 	 0.279369593041537
1.960100000000000 	 0.276654977875148
1.980100000000000 	 0.273933878581382
2.000100000000000 	 0.271207648750905
2.020100000000000 	 0.268477641974383
2.040100000000000 	 0.265745211842481
2.060100000000000 	 0.263011711945865
2.080100000000000 	 0.260278495875202
2.100100000000000 	 0.257546917221158
2.120100000000000 	 0.254818329574397
2.140100000000000 	 0.252094086525587
2.160100000000000 	 0.249375541665393
2.180100000000000 	 0.246664048584480
2.200100000000000 	 0.243960960873516
2.220100000000000 	 0.241267632123165
2.240100000000000 	 0.238585415924093
2.260100000000000 	 0.235915665866967
2.280100000000000 	 0.233259735542453
2.300100000000000 	 0.230618978541216
2.320100000000000 	 0.227994748453921
2.340100000000000 	 0.225388383747580
2.360100000000000 	 0.222800652301333
2.380100000000000 	 0.220231590661210
2.400100000000000 	 0.217681187478408
2.420100000000000 	 0.215149431404126
2.440100000000000 	 0.212636311089561
2.460100000000000 	 0.210141815185912
2.480100000000000 	 0.207665932344376
2.500100000000000 	 0.205208651216152
2.520100000000000 	 0.202769960452437
2.540100000000000 	 0.200349848704430
2.560100000000000 	 0.197948304623328
2.580100000000000 	 0.195565316860330
2.600100000000000 	 0.193200874066633
2.620100000000000 	 0.190854964893436
2.640100000000000 	 0.188527577991937
2.660100000000000 	 0.186218702013333
2.680100000000000 	 0.183928325608822
2.700100000000000 	 0.181656437429604
2.720100000000000 	 0.179403026126874
2.740100000000000 	 0.177168080351833
2.760100000000000 	 0.174951588755676
2.780100000000000 	 0.172753539989604
2.800100000000000 	 0.170573922704813
2.820100000000000 	 0.168412725552502
2.840100000000000 	 0.166269937183868
2.860100000000000 	 0.164145546250110
2.880100000000000 	 0.162039541402426
2.900100000000000 	 0.159951911292013
2.920100000000000 	 0.157882644570069
2.940100000000000 	 0.155831729887794
2.960100000000000 	 0.153799155896384
2.980100000000000 	 0.151784911247038
3.000100000000000 	 0.149788984590953
3.020100000000000 	 0.147811364579328
3.040100000000000 	 0.145852039863361
3.060100000000000 	 0.143910999094249
3.080100000000000 	 0.141988230923191
3.100100000000000 	 0.140083724001385
3.120100000000000 	 0.138197466980028
3.140100000000000 	 0.136329448510319
3.160100000000000 	 0.134479657243456
3.180100000000000 	 0.132648081830636
3.200100000000000 	 0.130834710923058
3.220100000000000 	 0.129039533171920
3.240100000000000 	 0.127262537228420
3.260100000000000 	 0.125503711743755
3.280100000000000 	 0.123763045369124
3.300100000000000 	 0.122040526755725
3.320100000000000 	 0.120336144554755
3.340100000000000 	 0.118649887417413
3.360100000000000 	 0.116981743994897
3.380100000000000 	 0.115331702938405
3.400100000000000 	 0.113699752899134
3.420100000000000 	 0.112085882528283
3.440100000000000 	 0.110490080477050
3.460100000000000 	 0.108912335396633
3.480100000000000 	 0.107352635938230
3.500100000000000 	 0.105810970753038
3.520100000000000 	 0.104287328492256
3.540100000000000 	 0.102781697807082
3.560100000000000 	 0.101294067348714
3.580100000000000 	 0.099824425768349
3.600100000000000 	 0.098372761717187
3.620100000000000 	 0.096939063846424
3.640100000000000 	 0.095523320794123
3.660100000000000 	 0.094125492563115
3.680100000000000 	 0.092745449850549
3.700100000000000 	 0.091383045992605
3.720100000000000 	 0.090038134325462
3.740100000000000 	 0.088710568185300
3.760100000000000 	 0.087400200908299
3.780100000000000 	 0.086106885830638
3.800100000000000 	 0.084830476288496
3.820100000000000 	 0.083570825618053
3.840100000000000 	 0.082327787155488
3.860100000000000 	 0.081101214236982
3.880100000000000 	 0.079890960198713
3.900100000000000 	 0.078696878376860
3.920100000000000 	 0.077518822107605
3.940100000000000 	 0.076356644727125
3.960100000000000 	 0.075210199571601
3.980100000000000 	 0.074079339977213
4.000100000000000 	 0.072963919280138
4.020100000000000 	 0.071863790816558
4.040100000000000 	 0.070778807922651
4.060100000000000 	 0.069708823934598
4.080100000000000 	 0.068653692188577
4.100100000000000 	 0.067613266020768
4.120100000000000 	 0.066587398767351
4.140100000000000 	 0.065575943764505
4.160100000000000 	 0.064578754348410
4.180100000000000 	 0.063595683855245
4.200100000000000 	 0.062626585621189
4.220100000000000 	 0.061671312982423
4.240100000000000 	 0.060729719275126
4.260100000000000 	 0.059801657835477
4.280100000000000 	 0.058886981999655
4.300100000000000 	 0.057985545103841
4.320100000000000 	 0.057097200484214
4.340100000000000 	 0.056221801476953
4.360099999999990 	 0.055359201418238
4.380099999999990 	 0.054509253644248
4.400099999999990 	 0.053671811491163
4.420099999999990 	 0.052846728295162
4.440099999999990 	 0.052033857392425
4.460099999999990 	 0.051233052119132
4.480099999999990 	 0.050444165811461
4.500099999999990 	 0.049667051805593
4.520099999999990 	 0.048901563437707
4.540099999999990 	 0.048147554043982
4.560099999999990 	 0.047404876960598
4.580099999999990 	 0.046673385523735
4.600099999999990 	 0.045952933069571
4.620099999999990 	 0.045243372934287
4.640099999999990 	 0.044544558454062
4.660099999999990 	 0.043856342965076
4.680099999999990 	 0.043178579803507
4.700099999999990 	 0.042511122305536
4.720099999999990 	 0.041853823807343
4.740099999999990 	 0.041206537645105
4.760099999999990 	 0.040569117155004
4.780099999999990 	 0.039941415673219
4.800099999999990 	 0.039323286535928
4.820099999999990 	 0.038714583079312
4.840099999999980 	 0.038115158639551
4.860099999999980 	 0.037524866552823
4.880099999999980 	 0.036943560155308
4.900099999999980 	 0.036371092783185
4.920099999999980 	 0.035807317772635
4.940099999999980 	 0.035252088459837
4.960099999999980 	 0.034705258180970
4.980099999999980 	 0.034166680272214
5.000099999999980 	 0.033636208069747
5.020099999999980 	 0.033113694909751
5.040099999999980 	 0.032598994128404
5.060099999999980 	 0.032091959061885
5.080099999999980 	 0.031592443046375
5.100099999999980 	 0.031100299418053
5.120099999999980 	 0.030615381513098
5.140099999999980 	 0.030137542667690
5.160099999999980 	 0.029666636218008
5.180099999999980 	 0.029202515500233
5.200099999999980 	 0.028745033850542
5.220099999999980 	 0.028294044605116
5.240099999999980 	 0.027849401100135
5.260099999999980 	 0.027410956671778
5.280099999999980 	 0.026978564656224
5.300099999999970 	 0.026552078389653
5.320099999999970 	 0.026131366595534
5.340099999999970 	 0.025716364514822
5.360099999999970 	 0.025307025358578
5.380099999999970 	 0.024903302338149
5.400099999999970 	 0.024505148664883
5.420099999999970 	 0.024112517550128
5.440099999999970 	 0.023725362205231
5.460099999999970 	 0.023343635841540
5.480099999999970 	 0.022967291670404
5.500099999999970 	 0.022596282903170
5.520099999999970 	 0.022230562751185
5.540099999999970 	 0.021870084425798
5.560099999999970 	 0.021514801138356
5.580099999999970 	 0.021164666100208
5.600099999999970 	 0.020819632522700
5.620099999999970 	 0.020479653617181
5.640099999999970 	 0.020144682594998
5.660099999999970 	 0.019814672667500
5.680099999999970 	 0.019489577046033
5.700099999999970 	 0.019169348941947
5.720099999999970 	 0.018853941566588
5.740099999999970 	 0.018543308131304
5.760099999999960 	 0.018237401847444
5.780099999999960 	 0.017936175926355
5.800099999999960 	 0.017639583579385
5.820099999999960 	 0.017347578017881
5.840099999999960 	 0.017060112453191
5.860099999999960 	 0.016777140096664
5.880099999999960 	 0.016498614159647
5.900099999999960 	 0.016224487853487
5.920099999999960 	 0.015954714389533
5.940099999999960 	 0.015689246979133
5.960099999999960 	 0.015428038833633
5.980099999999960 	 0.015171043164383
6.000099999999960 	 0.014918213182729
6.020099999999960 	 0.014669502100020
6.040099999999960 	 0.014424863127603
6.060099999999960 	 0.014184249476826
6.080099999999960 	 0.013947614359037
6.100099999999960 	 0.013714910985583
6.120099999999960 	 0.013486092567813
6.140099999999960 	 0.013261112317075
6.160099999999960 	 0.013039923444715
6.180099999999960 	 0.012822479162083
6.200099999999960 	 0.012608732680525
6.220099999999960 	 0.012398637211389
6.240099999999950 	 0.012192145966023
6.260099999999950 	 0.011989212155776
6.280099999999950 	 0.011789788991994
6.300099999999950 	 0.011593829686026
6.320099999999950 	 0.011401287449220
6.340099999999950 	 0.011212115492922
6.360099999999950 	 0.011026267028482
6.380099999999950 	 0.010843695267246
6.400099999999950 	 0.010664353420563
6.420099999999950 	 0.010488194699780
6.440099999999950 	 0.010315172316246
6.460099999999950 	 0.010145239481307
6.480099999999950 	 0.009978349406312
6.500099999999950 	 0.009814455302609
6.520099999999950 	 0.009653510381544
6.540099999999950 	 0.009495467854467
6.560099999999950 	 0.009340280932725
6.580099999999950 	 0.009187902827666
6.600099999999950 	 0.009038286750637
6.620099999999950 	 0.008891385912986
6.640099999999950 	 0.008747153526061
6.660099999999950 	 0.008605542801210
6.680099999999950 	 0.008466506949781
6.700099999999940 	 0.008329999183121
6.720099999999940 	 0.008195972712579
6.740099999999940 	 0.008064380749501
6.760099999999940 	 0.007935176505236
6.780099999999940 	 0.007808313191132
6.800099999999940 	 0.007683744018537
6.820099999999940 	 0.007561422198797
6.840099999999940 	 0.007441300943261
6.860099999999940 	 0.007323333463278
6.880099999999940 	 0.007207472970193
6.900099999999940 	 0.007093672675357
6.920099999999940 	 0.006981885790115
6.940099999999940 	 0.006872065525816
6.960099999999940 	 0.006764165093808
6.980099999999940 	 0.006658137705438
7.000099999999940 	 0.006553936572055
7.020099999999940 	 0.006451514905006
7.040099999999940 	 0.006350825915638
7.060099999999940 	 0.006251822815301
7.080099999999940 	 0.006154458815341
7.100099999999940 	 0.006058687127106
7.120099999999940 	 0.005964460961944
7.140099999999940 	 0.005871733531203
7.160099999999940 	 0.005780458046231
7.180099999999930 	 0.005690587718375
7.200099999999930 	 0.005602075758983
7.220099999999930 	 0.005514875379404
7.240099999999930 	 0.005428939790984
7.260099999999930 	 0.005344222205072
7.280099999999930 	 0.005260675833015
7.300099999999930 	 0.005178253886161
7.320099999999930 	 0.005096909681992
7.340099999999930 	 0.005016608590293
7.360099999999930 	 0.004937338974982
7.380099999999930 	 0.004859091785078
7.400099999999930 	 0.004781857969605
7.420099999999930 	 0.004705628477584
7.440099999999930 	 0.004630394258035
7.460099999999930 	 0.004556146259982
7.480099999999930 	 0.004482875432446
7.500099999999930 	 0.004410572724447
7.520099999999930 	 0.004339229085009
7.540099999999930 	 0.004268835463153
7.560099999999930 	 0.004199382807899
7.580099999999930 	 0.004130862068271
7.600099999999930 	 0.004063264193289
7.620099999999930 	 0.003996580131975
7.640099999999920 	 0.003930800833351
7.660099999999920 	 0.003865917246438
7.680099999999920 	 0.003801920320259
7.700099999999920 	 0.003738801003835
7.720099999999920 	 0.003676550246186
7.740099999999920 	 0.003615158996336
7.760099999999920 	 0.003554618203306
7.780099999999920 	 0.003494918816117
7.800099999999920 	 0.003436051783791
7.820099999999920 	 0.003378008055350
7.840099999999920 	 0.003320778579815
7.860099999999920 	 0.003264354306208
7.880099999999920 	 0.003208726183551
7.900099999999920 	 0.003153885160865
7.920099999999920 	 0.003099822187171
7.940099999999920 	 0.003046528211493
7.960099999999920 	 0.002993994182850
7.980099999999920 	 0.002942211050266
8.000099999999920 	 0.002891169762761
8.020099999999920 	 0.002840861269357
8.040099999999920 	 0.002791276519075
8.060099999999920 	 0.002742406460939
8.080099999999920 	 0.002694242043968
8.100099999999920 	 0.002646774217185
8.120099999999920 	 0.002599993929612
8.140099999999920 	 0.002553892130269
8.160099999999910 	 0.002508459768179
8.180099999999910 	 0.002463687792364
8.200099999999910 	 0.002419567151844
8.220099999999910 	 0.002376088795642
8.240099999999910 	 0.002333243672780
8.260099999999910 	 0.002291022732278
8.280099999999910 	 0.002249416923159
8.300099999999910 	 0.002208417194444
8.320099999999910 	 0.002168014495155
8.340099999999910 	 0.002128199774313
8.360099999999910 	 0.002088963980941
8.380099999999910 	 0.002050298064059
8.400099999999910 	 0.002012192972690
8.420099999999910 	 0.001974639655855
8.440099999999910 	 0.001937629062575
8.460099999999910 	 0.001901152141873
8.480099999999910 	 0.001865199842770
8.500099999999910 	 0.001829763114288
8.520099999999910 	 0.001794832905448
8.540099999999910 	 0.001760400165272
8.560099999999910 	 0.001726455842782
8.580099999999910 	 0.001692990886999
8.600099999999910 	 0.001659996246945
8.620099999999900 	 0.001627462871641
8.640099999999900 	 0.001595381710110
8.660099999999900 	 0.001563743711373
8.680099999999900 	 0.001532539824451
8.700099999999900 	 0.001501760998366
8.720099999999900 	 0.001471398182140
8.740099999999900 	 0.001441442324794
8.760099999999900 	 0.001411884375351
8.780099999999900 	 0.001382715282831
8.800099999999900 	 0.001353925996257
8.820099999999900 	 0.001325507464650
8.840099999999900 	 0.001297450637031
8.860099999999900 	 0.001269746462423
8.880099999999900 	 0.001242385889847
8.900099999999900 	 0.001215359868325
8.920099999999900 	 0.001188659346877
8.940099999999900 	 0.001162275274527
8.960099999999900 	 0.001136198600295
8.980099999999900 	 0.001110420273204
9.000099999999900 	 0.001084931242274
9.020099999999900 	 0.001059722456528
9.040099999999900 	 0.001034784864987
9.060099999999900 	 0.001010109416673
9.080099999999900 	 0.000985687060607
9.100099999999890 	 0.000961508745812
9.120099999999890 	 0.000937565421308
9.140099999999890 	 0.000913848036118
9.160099999999890 	 0.000890347539263
9.180099999999890 	 0.000867054879764
9.200099999999890 	 0.000843961006644
9.220099999999890 	 0.000821056868923
9.240099999999890 	 0.000798333415625
9.260099999999890 	 0.000775781595770
9.280099999999890 	 0.000753392358379
9.300099999999890 	 0.000731156652475
9.320099999999890 	 0.000709065427080
9.340099999999890 	 0.000687109631214
9.360099999999890 	 0.000665280213900
9.380099999999890 	 0.000643568124159
9.400099999999890 	 0.000621964311013
9.420099999999890 	 0.000600459723484
9.440099999999890 	 0.000579045310592
9.460099999999890 	 0.000557712403536
9.480099999999890 	 0.000536456050640
9.500099999999890 	 0.000515273393476
9.520099999999890 	 0.000494161597045
9.540099999999890 	 0.000473117826353
9.560099999999880 	 0.000452139246402
9.580099999999880 	 0.000431223022197
9.600099999999880 	 0.000410366318740
9.620099999999880 	 0.000389566301037
9.640099999999880 	 0.000368820134089
9.660099999999880 	 0.000348124982901
9.680099999999880 	 0.000327478012476
9.700099999999880 	 0.000306876387819
9.720099999999880 	 0.000286317273932
9.740099999999880 	 0.000265797835819
9.760099999999880 	 0.000245315238484
9.780099999999880 	 0.000224866646931
9.800099999999880 	 0.000204449226163
9.820099999999880 	 0.000184060141184
9.840099999999880 	 0.000163696556997
9.860099999999880 	 0.000143355638606
9.880099999999880 	 0.000123034551015
9.900099999999880 	 0.000102730459227
9.920099999999880 	 0.000082440528246
9.940099999999880 	 0.000062161923075
9.960099999999880 	 0.000041891808719
9.980099999999880 	 0.000021627350180
10.000000000000000 	 0.000001467018324


0.000100000000000 	 0.000099990000000
0.020100000000000 	 0.019699997592532
0.040100000000000 	 0.038523819333166
0.060100000000000 	 0.056594382038137
0.080100000000000 	 0.073934340407837
0.100100000000000 	 0.090565311911617
0.120100000000000 	 0.106508502618384
0.140100000000000 	 0.121785021753620
0.160100000000000 	 0.136414793201610
0.180100000000000 	 0.150416941377687
0.200100000000000 	 0.163810575721604
0.220100000000000 	 0.176614805673113
0.240100000000000 	 0.188848740671968
0.260100000000000 	 0.200531478318601
0.280100000000000 	 0.211680683655883
0.300100000000000 	 0.222311239486788
0.320100000000000 	 0.232437708952686
0.340100000000000 	 0.242074655194945
0.360100000000000 	 0.251236641354936
0.380100000000000 	 0.259938230574026
0.400100000000000 	 0.268193985993586
0.420100000000000 	 0.276018470754984
0.440100000000000 	 0.283426247999590
0.460100000000000 	 0.290431880868773
0.480100000000000 	 0.297049932503902
0.500100000000000 	 0.303294966046346
0.520100000000000 	 0.309181465808240
0.540100000000000 	 0.314721594153624
0.560100000000000 	 0.319924867747105
0.580100000000000 	 0.324800659327757
0.600100000000000 	 0.329358341634655
0.620100000000000 	 0.333607287406873
0.640100000000000 	 0.337556869383486
0.660100000000000 	 0.341216460303570
0.680100000000000 	 0.344595432906199
0.700100000000000 	 0.347703159930449
0.720100000000000 	 0.350549014115393
0.740100000000000 	 0.353142368200107
0.760100000000000 	 0.355492594923665
0.780100000000000 	 0.357609067025143
0.800100000000000 	 0.359501157243615
0.820100000000000 	 0.361178238318156
0.840100000000000 	 0.362649682987842
0.860100000000000 	 0.363924863991746
0.880100000000000 	 0.365013154068944
0.900100000000000 	 0.365923567678723
0.920100000000000 	 0.366662247870390
0.940100000000000 	 0.367233957745484
0.960100000000001 	 0.367643451636133
0.980100000000001 	 0.367895483874466
1.000100000000000 	 0.367994808792612
1.020100000000000 	 0.367946180722701
1.040100000000000 	 0.367754353996862
1.060100000000000 	 0.367424082947223
1.080100000000000 	 0.366960121905913
1.100100000000000 	 0.366367225205062
1.120100000000000 	 0.365650147176799
1.140100000000000 	 0.364813642153253
1.160100000000000 	 0.363862464466553
1.180100000000000 	 0.362801368448827
1.200100000000000 	 0.361635108432206
1.220100000000000 	 0.360368438748818
1.240100000000000 	 0.359006113730792
1.260100000000000 	 0.357552887710257
1.280100000000000 	 0.356013515019343
1.300100000000000 	 0.354392749990178
1.320100000000000 	 0.352695346954891
1.340100000000000 	 0.350926060245612
1.360100000000000 	 0.349089644194470
1.380100000000000 	 0.347190853133594
1.400100000000000 	 0.345234441395112
1.420100000000000 	 0.343225163311154
1.440100000000000 	 0.341167771949241
1.460100000000000 	 0.339066228516966
1.480100000000000 	 0.336922350603833
1.500100000000000 	 0.334737596609244
1.520100000000000 	 0.332513424932601
1.540100000000000 	 0.330251293973306
1.560100000000000 	 0.327952662130760
1.580100000000000 	 0.325618987804367
1.600100000000000 	 0.323251729393527
1.620100000000000 	 0.320852345297642
1.640100000000000 	 0.318422293916115
1.660100000000000 	 0.315963033648347
1.680100000000000 	 0.313476022893740
1.700100000000000 	 0.310962720051695
1.720100000000000 	 0.308424583521616
1.740100000000000 	 0.305863071702904
1.760100000000000 	 0.303279642994960
1.780100000000000 	 0.300675755797186
1.800100000000000 	 0.298052868508985
1.820100000000000 	 0.295412439529759
1.840100000000000 	 0.292755927258908
1.860100000000000 	 0.290084790095836
1.880100000000000 	 0.287400486439943
1.900100000000000 	 0.284704474690632
1.920100000000000 	 0.281998213247305
1.940100000000000 	 0.279283160509364
1.960100000000000 	 0.276560774876210
1.980100000000000 	 0.273832514747245
2.000100000000000 	 0.271099838521871
2.020100000000000 	 0.268364204599491
2.040100000000000 	 0.265627071379506
2.060100000000000 	 0.262889897261317
2.080100000000000 	 0.260154140644327
2.100100000000000 	 0.257421259927938
2.120100000000000 	 0.254692713511552
2.140100000000000 	 0.251969959794570
2.160100000000000 	 0.249254457176394
2.180100000000000 	 0.246547664056426
2.200100000000000 	 0.243851038834069
2.220100000000000 	 0.241166039908723
2.240100000000000 	 0.238494125679791
2.260100000000000 	 0.235836754546675
2.280100000000000 	 0.233195384549118
2.300100000000000 	 0.230571144281361
2.320100000000000 	 0.227964224267312
2.340100000000000 	 0.225374649174308
2.360100000000000 	 0.222802443669685
2.380100000000000 	 0.220247632420779
2.400100000000000 	 0.217710240094928
2.420100000000000 	 0.215190291359468
2.440100000000000 	 0.212687810881736
2.460100000000000 	 0.210202823329069
2.480100000000000 	 0.207735353368804
2.500100000000000 	 0.205285425668276
2.520100000000000 	 0.202853064894823
2.540100000000000 	 0.200438295715783
2.560100000000000 	 0.198041142798490
2.580100000000000 	 0.195661630810282
2.600100000000000 	 0.193299784418497
2.620100000000000 	 0.190955628290469
2.640100000000000 	 0.188629187093537
2.660100000000000 	 0.186320485495037
2.680100000000000 	 0.184029548162306
2.700100000000000 	 0.181756399762680
2.720100000000000 	 0.179501064963496
2.740100000000000 	 0.177263568432092
2.760100000000000 	 0.175043934835802
2.780100000000000 	 0.172842188841966
2.800100000000000 	 0.170658355117918
2.820100000000000 	 0.168492458330996
2.840100000000000 	 0.166344523148536
2.860100000000000 	 0.164214574237876
2.880100000000000 	 0.162102636266352
2.900100000000000 	 0.160008733901300
2.920100000000000 	 0.157932891810058
2.940100000000000 	 0.155875134659962
2.960100000000000 	 0.153835487118349
2.980100000000000 	 0.151813973852556
3.000100000000000 	 0.149810619529919
3.020100000000000 	 0.147825448817775
3.040100000000000 	 0.145858486383461
3.060100000000000 	 0.143909756894313
3.080100000000000 	 0.141979285017669
3.100100000000000 	 0.140067095420864
3.120100000000000 	 0.138173212771236
3.140100000000000 	 0.136297661736122
3.160100000000000 	 0.134440466982858
3.180100000000000 	 0.132601653178781
3.200100000000000 	 0.130781244991227
3.220100000000000 	 0.128979267087534
3.240100000000000 	 0.127195744135037
3.260100000000000 	 0.125430700801075
3.280100000000000 	 0.123684161752983
3.300100000000000 	 0.121956151658098
3.320100000000000 	 0.120246695183757
3.340100000000000 	 0.118555816997297
3.360100000000000 	 0.116883541766055
3.380100000000000 	 0.115229894157366
3.400100000000000 	 0.113594898838569
3.420100000000000 	 0.111978580476999
3.440100000000000 	 0.110380963739993
3.460100000000000 	 0.108802073294889
3.480100000000000 	 0.107241933809022
3.500100000000000 	 0.105700569949730
3.520100000000000 	 0.104178006384349
3.540100000000000 	 0.102674267470227
3.560100000000000 	 0.101189324957917
3.580100000000000 	 0.099723039090640
3.600100000000000 	 0.098275255893025
3.620100000000000 	 0.096845821389700
3.640100000000000 	 0.095434581605293
3.660100000000000 	 0.094041382564434
3.680100000000000 	 0.092666070291752
3.700100000000000 	 0.091308490811873
3.720100000000000 	 0.089968490149428
3.740100000000000 	 0.088645914329045
3.760100000000000 	 0.087340609375353
3.780100000000000 	 0.086052421312980
3.800100000000000 	 0.084781196166554
3.820100000000000 	 0.083526779960705
3.840100000000000 	 0.082289018720061
3.860100000000000 	 0.081067758469251
3.880100000000000 	 0.079862845232903
3.900100000000000 	 0.078674125035646
3.920100000000000 	 0.077501443902108
3.940100000000000 	 0.076344647856919
3.960100000000000 	 0.075203582924706
3.980100000000000 	 0.074078095130099
4.000100000000000 	 0.072968030497725
4.020100000000000 	 0.071873235052215
4.040100000000000 	 0.070793554818195
4.060100000000000 	 0.069728835820296
4.080100000000000 	 0.068678924083145
4.100100000000000 	 0.067643665631371
4.120100000000000 	 0.066622906489603
4.140100000000000 	 0.065616492682469
4.160100000000000 	 0.064624270234598
4.180100000000000 	 0.063646085170619
4.200100000000000 	 0.062681783515160
4.220100000000000 	 0.061731211292850
4.240100000000000 	 0.060794214528317
4.260100000000000 	 0.059870639246191
4.280100000000000 	 0.058960331471099
4.300100000000000 	 0.058063137227670
4.320100000000000 	 0.057178902540534
4.340100000000000 	 0.056307473434318
4.360099999999990 	 0.055448695933651
4.380099999999990 	 0.054602416063162
4.400099999999990 	 0.053768479847479
4.420099999999990 	 0.052946733311232
4.440099999999990 	 0.052137022479048
4.460099999999990 	 0.051339193375557
4.480099999999990 	 0.050553092025386
4.500099999999990 	 0.049778564453165
4.520099999999990 	 0.049015456683522
4.540099999999990 	 0.048263614741086
4.560099999999990 	 0.047522884650486
4.580099999999990 	 0.046793112436349
4.600099999999990 	 0.046074144123305
4.620099999999990 	 0.045365825735982
4.640099999999990 	 0.044668003299010
4.660099999999990 	 0.043980522837015
4.680099999999990 	 0.043303230374628
4.700099999999990 	 0.042635971936477
4.720099999999990 	 0.041978593547190
4.740099999999990 	 0.041330941231396
4.760099999999990 	 0.040692861013724
4.780099999999990 	 0.040064198918802
4.800099999999990 	 0.039444800971259
4.820099999999990 	 0.038834513195723
4.840099999999980 	 0.038233181616824
4.860099999999980 	 0.037640652259189
4.880099999999980 	 0.037056771147447
4.900099999999980 	 0.036481384306228
4.920099999999980 	 0.035914337760159
4.940099999999980 	 0.035355477533869
4.960099999999980 	 0.034804649651988
4.980099999999980 	 0.034261700139142
5.000099999999980 	 0.033726475019962
5.020099999999980 	 0.033198820319076
5.040099999999980 	 0.032678582061111
5.060099999999980 	 0.032165606270698
5.080099999999980 	 0.031659738972465
5.100099999999980 	 0.031160826191039
5.120099999999980 	 0.030668715129402
5.140099999999980 	 0.030183295022887
5.160099999999980 	 0.029704507619056
5.180099999999980 	 0.029232297972413
5.200099999999980 	 0.028766611137457
5.220099999999980 	 0.028307392168692
5.240099999999980 	 0.027854586120618
5.260099999999980 	 0.027408138047736
5.280099999999980 	 0.026967993004550
5.300099999999970 	 0.026534096045560
5.320099999999970 	 0.026106392225268
5.340099999999970 	 0.025684826598175
5.360099999999970 	 0.025269344218783
5.380099999999970 	 0.024859890141595
5.400099999999970 	 0.024456409421110
5.420099999999970 	 0.024058847111832
5.440099999999970 	 0.023667148268261
5.460099999999970 	 0.023281257944899
5.480099999999970 	 0.022901121196248
5.500099999999970 	 0.022526683076810
5.520099999999970 	 0.022157888641086
5.540099999999970 	 0.021794682943577
5.560099999999970 	 0.021437011038786
5.580099999999970 	 0.021084817981213
5.600099999999970 	 0.020738048825361
5.620099999999970 	 0.020396648625731
5.640099999999970 	 0.020060562436825
5.660099999999970 	 0.019729735313145
5.680099999999970 	 0.019404112309191
5.700099999999970 	 0.019083638479466
5.720099999999970 	 0.018768258878471
5.740099999999970 	 0.018457918560708
5.760099999999960 	 0.018152562580678
5.780099999999960 	 0.017852135992883
5.800099999999960 	 0.017556583851825
5.820099999999960 	 0.017265851212006
5.840099999999960 	 0.016979883127926
5.860099999999960 	 0.016698624654088
5.880099999999960 	 0.016422020844992
5.900099999999960 	 0.016150016755142
5.920099999999960 	 0.015882557439038
5.940099999999960 	 0.015619587951182
5.960099999999960 	 0.015361053346075
5.980099999999960 	 0.015106898678220
6.000099999999960 	 0.014857069002118
6.020099999999960 	 0.014611509372270
6.040099999999960 	 0.014370164843178
6.060099999999960 	 0.014132980469343
6.080099999999960 	 0.013899901305268
6.100099999999960 	 0.013670872405454
6.120099999999960 	 0.013445838824402
6.140099999999960 	 0.013224745616615
6.160099999999960 	 0.013007537836593
6.180099999999960 	 0.012794160538839
6.200099999999960 	 0.012584558777853
6.220099999999960 	 0.012378677608138
6.240099999999950 	 0.012176462084196
6.260099999999950 	 0.011977857260527
6.280099999999950 	 0.011782808191633
6.300099999999950 	 0.011591259932017
6.320099999999950 	 0.011403157536179
6.340099999999950 	 0.011218446058622
6.360099999999950 	 0.011037070553846
6.380099999999950 	 0.010858976076354
6.400099999999950 	 0.010684107680647
6.420099999999950 	 0.010512410421227
6.440099999999950 	 0.010343829352595
6.460099999999950 	 0.010178309529253
6.480099999999950 	 0.010015796005703
6.500099999999950 	 0.009856233836446
6.520099999999950 	 0.009699568075983
6.540099999999950 	 0.009545743778818
6.560099999999950 	 0.009394705999450
6.580099999999950 	 0.009246399792381
6.600099999999950 	 0.009100770212115
6.620099999999950 	 0.008957762313151
6.640099999999950 	 0.008817321149991
6.660099999999950 	 0.008679391777138
6.680099999999950 	 0.008543919249092
6.700099999999940 	 0.008410848620356
6.720099999999940 	 0.008280124945430
6.740099999999940 	 0.008151693278817
6.760099999999940 	 0.008025498675019
6.780099999999940 	 0.007901486188536
6.800099999999940 	 0.007779600873870
6.820099999999940 	 0.007659787785524
6.840099999999940 	 0.007541991977998
6.860099999999940 	 0.007426158505795
6.880099999999940 	 0.007312232423415
6.900099999999940 	 0.007200158785361
6.920099999999940 	 0.007089882646134
6.940099999999940 	 0.006981349060236
6.960099999999940 	 0.006874503082168
6.980099999999940 	 0.006769289766432
7.000099999999940 	 0.006665654167530
7.020099999999940 	 0.006563541339963
7.040099999999940 	 0.006462896338232
7.060099999999940 	 0.006363664216840
7.080099999999940 	 0.006265790030289
7.100099999999940 	 0.006169218833078
7.120099999999940 	 0.006073895679711
7.140099999999940 	 0.005979771325447
7.160099999999940 	 0.005886827040076
7.180099999999930 	 0.005795054260697
7.200099999999930 	 0.005704444431375
7.220099999999930 	 0.005614988996174
7.240099999999930 	 0.005526679399158
7.260099999999930 	 0.005439507084394
7.280099999999930 	 0.005353463495944
7.300099999999930 	 0.005268540077874
7.320099999999930 	 0.005184728274248
7.340099999999930 	 0.005102019529131
7.360099999999930 	 0.005020405286588
7.380099999999930 	 0.004939876990683
7.400099999999930 	 0.004860426085480
7.420099999999930 	 0.004782044015045
7.440099999999930 	 0.004704722223442
7.460099999999930 	 0.004628452154735
7.480099999999930 	 0.004553225252990
7.500099999999930 	 0.004479032962270
7.520099999999930 	 0.004405866726641
7.540099999999930 	 0.004333717990167
7.560099999999930 	 0.004262578196913
7.580099999999930 	 0.004192438790943
7.600099999999930 	 0.004123291216321
7.620099999999930 	 0.004055126917114
7.640099999999920 	 0.003987937337384
7.660099999999920 	 0.003921713921197
7.680099999999920 	 0.003856448112617
7.700099999999920 	 0.003792131355710
7.720099999999920 	 0.003728755094539
7.740099999999920 	 0.003666310773169
7.760099999999920 	 0.003604789835665
7.780099999999920 	 0.003544183726092
7.800099999999920 	 0.003484483888513
7.820099999999920 	 0.003425681766994
7.840099999999920 	 0.003367768805599
7.860099999999920 	 0.003310736448394
7.880099999999920 	 0.003254576139441
7.900099999999920 	 0.003199279322807
7.920099999999920 	 0.003144837442556
7.940099999999920 	 0.003091241942752
7.960099999999920 	 0.003038484267460
7.980099999999920 	 0.002986555860744
8.000099999999920 	 0.002935448166670
8.020099999999920 	 0.002885152629301
8.040099999999920 	 0.002835660692703
8.060099999999920 	 0.002786963800939
8.080099999999920 	 0.002739053398076
8.100099999999920 	 0.002691920928177
8.120099999999920 	 0.002645557835306
8.140099999999920 	 0.002599955563529
8.160099999999910 	 0.002555105556910
8.180099999999910 	 0.002510999259514
8.200099999999910 	 0.002467628115405
8.220099999999910 	 0.002424983568648
8.240099999999910 	 0.002383057063308
8.260099999999910 	 0.002341840043449
8.280099999999910 	 0.002301323953135
8.300099999999910 	 0.002261500236432
8.320099999999910 	 0.002222360337404
8.340099999999910 	 0.002183895700116
8.360099999999910 	 0.002146097768632
8.380099999999910 	 0.002108957987016
8.400099999999910 	 0.002072467799335
8.420099999999910 	 0.002036618649651
8.440099999999910 	 0.002001401982030
8.460099999999910 	 0.001966809240536
8.480099999999910 	 0.001932831869234
8.500099999999910 	 0.001899461312189
8.520099999999910 	 0.001866689013465
8.540099999999910 	 0.001834506417126
8.560099999999910 	 0.001802904967238
8.580099999999910 	 0.001771876107865
8.600099999999910 	 0.001741411283072
8.620099999999900 	 0.001711501936923
8.640099999999900 	 0.001682139513482
8.660099999999900 	 0.001653315456816
8.680099999999900 	 0.001625021210987
8.700099999999900 	 0.001597248220061
8.720099999999900 	 0.001569987928102
8.740099999999900 	 0.001543231779175
8.760099999999900 	 0.001516971217344
8.780099999999900 	 0.001491197686675
8.800099999999900 	 0.001465902631232
8.820099999999900 	 0.001441077495078
8.840099999999900 	 0.001416713722280
8.860099999999900 	 0.001392802756902
8.880099999999900 	 0.001369336043007
8.900099999999900 	 0.001346305024662
8.920099999999900 	 0.001323701145930
8.940099999999900 	 0.001301515850876
8.960099999999900 	 0.001279740583564
8.980099999999900 	 0.001258366788060
9.000099999999900 	 0.001237385908428
9.020099999999900 	 0.001216789388732
9.040099999999900 	 0.001196568673038
9.060099999999900 	 0.001176715205409
9.080099999999900 	 0.001157220429910
9.100099999999890 	 0.001138075790607
9.120099999999890 	 0.001119272902857
9.140099999999890 	 0.001100805912837
9.160099999999890 	 0.001082670898589
9.180099999999890 	 0.001064863986915
9.200099999999890 	 0.001047381304616
9.220099999999890 	 0.001030218978492
9.240099999999890 	 0.001013373135346
9.260099999999890 	 0.000996839901978
9.280099999999890 	 0.000980615405189
9.300099999999890 	 0.000964695771780
9.320099999999890 	 0.000949077128553
9.340099999999890 	 0.000933755602309
9.360099999999890 	 0.000918727319848
9.380099999999890 	 0.000903988407972
9.400099999999890 	 0.000889534993482
9.420099999999890 	 0.000875363203179
9.440099999999890 	 0.000861469163865
9.460099999999890 	 0.000847849002340
9.480099999999890 	 0.000834498845405
9.500099999999890 	 0.000821414819862
9.520099999999890 	 0.000808593052511
9.540099999999890 	 0.000796029670154
9.560099999999880 	 0.000783720799592
9.580099999999880 	 0.000771662567627
9.600099999999880 	 0.000759851101058
9.620099999999880 	 0.000748282526688
9.640099999999880 	 0.000736952971317
9.660099999999880 	 0.000725858561746
9.680099999999880 	 0.000714995424778
9.700099999999880 	 0.000704359687212
9.720099999999880 	 0.000693947475850
9.740099999999880 	 0.000683754917492
9.760099999999880 	 0.000673778138941
9.780099999999880 	 0.000664013266998
9.800099999999880 	 0.000654456428462
9.820099999999880 	 0.000645103750136
9.840099999999880 	 0.000635951358821
9.860099999999880 	 0.000626995381318
9.880099999999880 	 0.000618231944427
9.900099999999880 	 0.000609657174950
9.920099999999880 	 0.000601267199688
9.940099999999880 	 0.000593058145443
9.960099999999880 	 0.000585026139015
9.980099999999880 	 0.000577167307205
10.000099999999900 	 0.000569477776815
10.020099999999900 	 0.000561953674645
10.040099999999900 	 0.000554591127497
10.060099999999900 	 0.000547386262173
10.080099999999900 	 0.000540335205472
10.100099999999900 	 0.000533434084196
10.120099999999900 	 0.000526679025147
10.140099999999900 	 0.000520066155125
10.160099999999900 	 0.000513591600931
10.180099999999900 	 0.000507251489368
10.200099999999900 	 0.000501041947235
10.220099999999900 	 0.000494959101333
10.240099999999900 	 0.000488999078465
10.260099999999900 	 0.000483158005431
10.280099999999900 	 0.000477432009032
10.300099999999900 	 0.000471817216070
10.320099999999900 	 0.000466309753344
10.340099999999900 	 0.000460905747658
10.360099999999900 	 0.000455601325811
10.380099999999900 	 0.000450392614605
10.400099999999900 	 0.000445275740841
10.420099999999900 	 0.000440246831320
10.440099999999900 	 0.000435302012844
10.460099999999900 	 0.000430437412212
10.480099999999900 	 0.000425649156227
10.500099999999900 	 0.000420933371690
10.520099999999900 	 0.000416286185401
10.540099999999900 	 0.000411703724162
10.560099999999900 	 0.000407182114773
10.580099999999900 	 0.000402717484037
10.600099999999900 	 0.000398305958754
10.620099999999900 	 0.000393943665726
10.640099999999900 	 0.000389626731752
10.660099999999900 	 0.000385351283635
10.680099999999900 	 0.000381113448176
10.700099999999900 	 0.000376909352175
10.720099999999900 	 0.000372735122435
10.740099999999900 	 0.000368586885755
10.760099999999900 	 0.000364460768938
10.780099999999900 	 0.000360352898783
10.800099999999900 	 0.000356259402093
10.820099999999900 	 0.000352176405668
10.840099999999900 	 0.000348100036310
10.860099999999900 	 0.000344026420820
10.880099999999900 	 0.000339951685999
10.900099999999900 	 0.000335871958647
10.920099999999900 	 0.000331783365566
10.940099999999900 	 0.000327682033558
10.960099999999900 	 0.000323564089423
10.980099999999900 	 0.000319425659962
11.000099999999900 	 0.000315262871977
11.020099999999900 	 0.000311071852269
11.040099999999900 	 0.000306848727638
11.060099999999900 	 0.000302589624886
11.080099999999900 	 0.000298290670814
11.100099999999900 	 0.000293947992223
11.120099999999900 	 0.000289557715915
11.140099999999900 	 0.000285115968690
11.160099999999900 	 0.000280618877349
11.180099999999900 	 0.000276062568694
11.200099999999900 	 0.000271443169526
11.220099999999800 	 0.000266756806645
11.240099999999800 	 0.000261999606854
11.260099999999800 	 0.000257167696952
11.280099999999800 	 0.000252257203742
11.300099999999800 	 0.000247264254024
11.320099999999800 	 0.000242184974599
11.340099999999800 	 0.000237015492270
11.360099999999800 	 0.000231751933835
11.380099999999800 	 0.000226390426098
11.400099999999800 	 0.000220927095858
11.420099999999800 	 0.000215358069918
11.440099999999800 	 0.000209679475077
11.460099999999800 	 0.000203887438138
11.480099999999800 	 0.000197978085902
11.500099999999800 	 0.000191947545168
11.520099999999800 	 0.000185791942740
11.540099999999800 	 0.000179507405417
11.560099999999800 	 0.000173090060001
11.580099999999800 	 0.000166536033293
11.600099999999800 	 0.000159841452094
11.620099999999800 	 0.000153002443206
11.640099999999800 	 0.000146015133428
11.660099999999800 	 0.000138875649564
11.680099999999800 	 0.000131580118412
11.700099999999800 	 0.000124124666776
11.720099999999800 	 0.000116505421455
11.740099999999800 	 0.000108718509252
11.760099999999800 	 0.000100760056966
11.780099999999800 	 0.000092626191399
11.800099999999800 	 0.000084313039353
11.820099999999800 	 0.000075816727629
11.840099999999800 	 0.000067133383026
11.860099999999800 	 0.000058259132348
11.880099999999800 	 0.000049190102394
11.900099999999800 	 0.000039922419966
11.920099999999800 	 0.000030452211865
11.940099999999800 	 0.000020782842528
11.960099999999800 	 0.000010955113898
11.980099999999800 	 0.000001021896616
12.000000000000000 	 -0.000008913960248


